0 0.25316455696202533 0.5759493670886076 0.06962025316455696 0.13291139240506328
0 0.46835443037974683 0.5886075949367089 0.05063291139240506 0.13924050632911392
0 0.4177215189873418 0.7278481012658228 0.08860759493670886 0.20253164556962025
0 0.25316455696202533 0.44936708860759494 0.04430379746835443 0.10126582278481013
0 0.4620253164556962 0.4620253164556962 0.056962025316455694 0.10126582278481013
0 0.9050632911392406 0.4620253164556962 0.04430379746835443 0.12658227848101267
0 0.34177215189873417 0.47468354430379744 0.04430379746835443 0.20253164556962025
0 0.5632911392405063 0.47468354430379744 0.05063291139240506 0.0759493670886076
0 0.8291139240506329 0.4810126582278481 0.06962025316455696 0.14556962025316456
0 0.1518987341772152 0.5379746835443038 0.08860759493670886 0.16455696202531644
0 0.9430379746835443 0.5569620253164557 0.056962025316455694 0.13924050632911392