0 0.5632911392405063 0.5569620253164557 0.06329113924050633 0.2088607594936709
0 0.5569620253164557 0.3670886075949367 0.05063291139240506 0.11392405063291139
0 0.12025316455696203 0.3670886075949367 0.04430379746835443 0.10126582278481013
0 0.5 0.37341772151898733 0.0379746835443038 0.08860759493670886
0 0.3670886075949367 0.3987341772151899 0.04430379746835443 0.13924050632911392
0 0.6835443037974683 0.4177215189873418 0.05063291139240506 0.10759493670886076
0 0.7784810126582279 0.43037974683544306 0.05063291139240506 0.10126582278481013
0 0.4620253164556962 0.44936708860759494 0.04430379746835443 0.13291139240506328
0 0.6012658227848101 0.44936708860759494 0.056962025316455694 0.12025316455696203
0 0.7215189873417721 0.4873417721518987 0.0759493670886076 0.13924050632911392
0 0.18354430379746836 0.4936708860759494 0.06329113924050633 0.1518987341772152
0 0.4050632911392405 0.5506329113924051 0.06329113924050633 0.16455696202531644
0 0.26582278481012656 0.5506329113924051 0.06329113924050633 0.1962025316455696