0 0.3670886075949367 0.620253164556962 0.08860759493670886 0.2088607594936709
0 0.14556962025316456 0.6708860759493671 0.10126582278481013 0.22151898734177214
0 0.8481012658227848 0.3860759493670886 0.06329113924050633 0.1518987341772152
0 0.2468354430379747 0.3924050632911392 0.06962025316455696 0.11392405063291139
0 0.17721518987341772 0.3987341772151899 0.04430379746835443 0.10759493670886076
0 0.3670886075949367 0.4050632911392405 0.056962025316455694 0.11392405063291139
0 0.9050632911392406 0.4050632911392405 0.0379746835443038 0.11392405063291139
0 0.4810126582278481 0.41139240506329117 0.056962025316455694 0.08227848101265822
0 0.7341772151898734 0.41139240506329117 0.06329113924050633 0.12658227848101267
0 0.930379746835443 0.47468354430379744 0.06962025316455696 0.14556962025316456
0 0.18354430379746836 0.5253164556962026 0.0759493670886076 0.13924050632911392
0 0.02531645569620253 0.5316455696202531 0.04430379746835443 0.18354430379746836