0 0.2088607594936709 0.6265822784810127 0.08227848101265822 0.23417721518987342
0 0.34810126582278483 0.6392405063291139 0.10126582278481013 0.20253164556962025
0 0.5316455696202531 0.6518987341772152 0.06962025316455696 0.4177215189873418
0 0.6645569620253164 0.2974683544303797 0.03164556962025317 0.08227848101265822
0 0.47468354430379744 0.34177215189873417 0.05063291139240506 0.10759493670886076
0 0.379746835443038 0.3670886075949367 0.04430379746835443 0.08860759493670886
0 0.689873417721519 0.3670886075949367 0.0379746835443038 0.0949367088607595
0 0.5886075949367089 0.37341772151898733 0.05063291139240506 0.12025316455696203
0 0.33544303797468356 0.43037974683544306 0.06329113924050633 0.16455696202531644
0 0.43670886075949367 0.46835443037974683 0.056962025316455694 0.13924050632911392
0 0.6518987341772152 0.5506329113924051 0.10126582278481013 0.189873417721519
1 0.5316455696202531 0.8291139240506329 0.056962025316455694 0.056962025316455694