0 0.4810126582278481 0.569620253164557 0.06962025316455696 0.12658227848101267
0 0.18354430379746836 0.6708860759493671 0.10759493670886076 0.22784810126582278
0 0.7088607594936709 0.6835443037974683 0.06962025316455696 0.1962025316455696
0 0.41139240506329117 0.7658227848101266 0.11392405063291139 0.25316455696202533
0 0.6708860759493671 0.4177215189873418 0.0379746835443038 0.0949367088607595
0 0.4240506329113924 0.44936708860759494 0.04430379746835443 0.13291139240506328
0 0.6075949367088608 0.45569620253164556 0.05063291139240506 0.11392405063291139
0 0.4936708860759494 0.45569620253164556 0.056962025316455694 0.10759493670886076
0 0.7088607594936709 0.4810126582278481 0.04430379746835443 0.13291139240506328
0 0.35443037974683544 0.5063291139240507 0.0759493670886076 0.16455696202531644
1 0.620253164556962 0.6772151898734177 0.056962025316455694 0.06329113924050633