0 0.36075949367088606 0.5632911392405063 0.06329113924050633 0.16455696202531644
0 0.22151898734177214 0.569620253164557 0.06962025316455696 0.20253164556962025
0 0.4620253164556962 0.379746835443038 0.0379746835443038 0.0949367088607595
0 0.06962025316455696 0.3860759493670886 0.04430379746835443 0.13291139240506328
0 0.5253164556962026 0.3860759493670886 0.04430379746835443 0.0949367088607595
0 0.33544303797468356 0.41139240506329117 0.06962025316455696 0.12658227848101267
0 0.6455696202531646 0.4240506329113924 0.056962025316455694 0.11392405063291139
0 0.7341772151898734 0.43037974683544306 0.0379746835443038 0.11392405063291139
0 0.4177215189873418 0.45569620253164556 0.04430379746835443 0.11392405063291139
0 0.5569620253164557 0.4620253164556962 0.06962025316455696 0.14556962025316456
0 0.6772151898734177 0.5 0.06962025316455696 0.15822784810126583
0 0.5063291139240507 0.5379746835443038 0.06962025316455696 0.17088607594936708