0 0.569620253164557 0.5886075949367089 0.06329113924050633 0.18354430379746836
0 0.15822784810126583 0.689873417721519 0.11392405063291139 0.22784810126582278
0 0.31645569620253167 0.3670886075949367 0.04430379746835443 0.11392405063291139
0 0.3987341772151899 0.3670886075949367 0.056962025316455694 0.11392405063291139
0 0.5316455696202531 0.3987341772151899 0.06962025316455696 0.12025316455696203
0 0.6265822784810127 0.3987341772151899 0.0379746835443038 0.08227848101265822
0 0.9050632911392406 0.4177215189873418 0.06962025316455696 0.14556962025316456
0 0.22784810126582278 0.43037974683544306 0.06962025316455696 0.13924050632911392
0 0.310126582278481 0.4810126582278481 0.05063291139240506 0.11392405063291139
0 0.6265822784810127 0.4810126582278481 0.056962025316455694 0.13924050632911392
0 0.5316455696202531 0.4873417721518987 0.06329113924050633 0.13924050632911392
1 0.3291139240506329 0.8924050632911392 0.06329113924050633 0.05063291139240506