0 0.10759493670886076 0.6139240506329114 0.10126582278481013 0.25316455696202533
0 0.3037974683544304 0.6139240506329114 0.10759493670886076 0.21518987341772153
0 0.45569620253164556 0.6392405063291139 0.08227848101265822 0.4240506329113924
0 0.9430379746835443 0.2911392405063291 0.05063291139240506 0.13291139240506328
0 0.3670886075949367 0.3037974683544304 0.056962025316455694 0.11392405063291139
0 0.8544303797468354 0.31645569620253167 0.06329113924050633 0.12025316455696203
0 0.6075949367088608 0.3227848101265823 0.0379746835443038 0.08860759493670886
0 0.5316455696202531 0.3291139240506329 0.05063291139240506 0.11392405063291139
0 0.2911392405063291 0.33544303797468356 0.05063291139240506 0.11392405063291139
0 0.2468354430379747 0.3987341772151899 0.06962025316455696 0.17088607594936708
0 0.6265822784810127 0.4240506329113924 0.056962025316455694 0.13924050632911392
0 0.379746835443038 0.43037974683544306 0.06962025316455696 0.15822784810126583
0 0.5759493670886076 0.4430379746835443 0.06962025316455696 0.17721518987341772
0 0.6772151898734177 0.5316455696202531 0.08227848101265822 0.21518987341772153
1 0.45569620253164556 0.7974683544303798 0.06329113924050633 0.0759493670886076