0 0.4177215189873418 0.20253164556962025 0.06329113924050633 0.10759493670886076
0 0.33544303797468356 0.2468354430379747 0.056962025316455694 0.0949367088607595
0 0.5443037974683544 0.2468354430379747 0.05063291139240506 0.10126582278481013
0 0.6392405063291139 0.25316455696202533 0.0379746835443038 0.08860759493670886
0 0.23417721518987342 0.2974683544303797 0.06962025316455696 0.14556962025316456
0 0.34810126582278483 0.34810126582278483 0.06329113924050633 0.14556962025316456
0 0.6139240506329114 0.3670886075949367 0.06329113924050633 0.14556962025316456
0 0.379746835443038 0.4620253164556962 0.06962025316455696 0.17721518987341772
0 0.5506329113924051 0.46835443037974683 0.0759493670886076 0.20253164556962025
0 0.7278481012658228 0.4936708860759494 0.08860759493670886 0.18354430379746836
0 0.20253164556962025 0.5506329113924051 0.11392405063291139 0.2468354430379747