1 0.0890625 0.5890625 0.1234375 0.15859375
1 0.14921875 0.45859375 0.090625 0.1546875
1 0.2125 0.37421875 0.06484375 0.10625
1 0.26796875 0.33984375 0.04765625 0.07734375
1 0.41796875 0.34921875 0.04453125 0.07265625
1 0.39375 0.3859375 0.05703125 0.08671875
1 0.39375 0.46015625 0.07265625 0.1078125
1 0.36796875 0.58203125 0.06796875 0.1515625
1 0.55625 0.3015625 0.02890625 0.06015625
1 0.69765625 0.31015625 0.0296875 0.07734375
1 0.71015625 0.34765625 0.0578125 0.09140625
1 0.55859375 0.359375 0.04609375 0.08046875
1 0.590625 0.41328125 0.07734375 0.1046875
1 0.76875 0.40078125 0.09140625 0.115625
1 0.63046875 0.50625 0.1109375 0.1046875
1 0.88515625 0.49765625 0.09453125 0.121875
1 0.68828125 0.6484375 0.14296875 0.18515625
1 0.92734375 0.61640625 0.1359375 0.2609375