0 0.0765625 0.35078125 0.11171875 0.2359375
1 0.33046875 0.3875 0.10390625 0.32421875
1 0.18984375 0.26015625 0.09296875 0.21171875
1 0.46484375 0.346875 0.11171875 0.2375
1 0.2921875 0.21171875 0.06015625 0.1296875
1 0.5234375 0.26015625 0.0921875 0.16796875
0 0.4015625 0.2015625 0.071875 0.1
1 0.60859375 0.24296875 0.0734375 0.15625
1 0.93046875 0.1921875 0.06953125 0.146875
1 0.8890625 0.28671875 0.07109375 0.16015625
1 0.85703125 0.4328125 0.12578125 0.20859375
1 0.790625 0.646875 0.24375 0.31171875