0 0.04609375 0.4453125 0.09140625 0.30546875
1 0.14140625 0.36875 0.14375 0.28359375
1 0.26171875 0.3171875 0.134375 0.2234375
1 0.35546875 0.290625 0.12734375 0.21796875
1 0.5875 0.3234375 0.13359375 0.2328125
1 0.48671875 0.38671875 0.13515625 0.2390625
1 0.409375 0.44609375 0.1546875 0.31171875
0 0.2390625 0.51953125 0.171875 0.371875
1 0.72109375 0.746875 0.3234375 0.2625
1 0.7953125 0.55234375 0.1890625 0.31796875
1 0.815625 0.41015625 0.11953125 0.275
1 0.8859375 0.34453125 0.06328125 0.2796875