0 0.10859375 0.5390625 0.13046875 0.134375
1 0.17109375 0.415625 0.096875 0.134375
1 0.2296875 0.34765625 0.0640625 0.096875
1 0.290625 0.3015625 0.0453125 0.08203125
1 0.43671875 0.32109375 0.04609375 0.06484375
1 0.39921875 0.3375 0.071875 0.10625
1 0.4125 0.4265625 0.09375 0.134375
1 0.38203125 0.51015625 0.08828125 0.15
1 0.57109375 0.25078125 0.0265625 0.05390625
1 0.575 0.31640625 0.0421875 0.08671875
1 0.60546875 0.34765625 0.04765625 0.10625
1 0.6421875 0.4453125 0.103125 0.10625
1 0.70546875 0.6015625 0.1265625 0.1515625
1 0.71171875 0.26484375 0.0609375 0.06953125
1 0.73515625 0.3046875 0.06328125 0.07578125
1 0.81015625 0.35 0.07578125 0.08046875
1 0.90625 0.45625 0.11484375 0.11875
1 0.940625 0.578125 0.11796875 0.134375