1 0.0765625 0.3390625 0.14609375 0.2328125
1 0.2265625 0.23359375 0.10625 0.21484375
1 0.33359375 0.16875 0.05703125 0.140625
1 0.44375 0.1765625 0.04765625 0.08203125
1 0.64765625 0.19609375 0.0609375 0.1390625
1 0.5421875 0.2203125 0.06953125 0.1015625
1 0.46640625 0.30078125 0.0828125 0.1453125
1 0.36796875 0.36640625 0.13359375 0.28515625
1 0.8171875 0.63046875 0.23671875 0.2765625
1 0.8859375 0.4203125 0.09375 0.16796875
1 0.91640625 0.26640625 0.05234375 0.11875
1 0.9484375 0.1875 0.06015625 0.17734375