0 0.08828125 0.5640625 0.121875 0.18359375
1 0.1453125 0.4453125 0.0765625 0.128125
1 0.19375 0.375 0.0828125 0.08671875
1 0.2515625 0.35 0.0578125 0.08046875
1 0.409375 0.35546875 0.04609375 0.06015625
1 0.38046875 0.36640625 0.04765625 0.09140625
1 0.38515625 0.45078125 0.0703125 0.08671875
0 0.31953125 0.52890625 0.115625 0.16796875
1 0.54375 0.27265625 0.0328125 0.08828125
1 0.55546875 0.32109375 0.05703125 0.07421875
1 0.578125 0.3828125 0.0609375 0.1234375
1 0.6203125 0.47734375 0.0546875 0.07578125
1 0.67734375 0.6046875 0.08125 0.1015625
0 0.68125 0.296875 0.03671875 0.09140625
1 0.70234375 0.3265625 0.0546875 0.07578125
1 0.77890625 0.3859375 0.090625 0.08671875
1 0.87421875 0.48203125 0.125 0.096875
1 0.9140625 0.5890625 0.13046875 0.17734375