0 0.1234375 0.54453125 0.0875 0.19453125
0 0.38203125 0.54453125 0.08828125 0.21640625
0 0.4078125 0.45546875 0.103125 0.1140625
0 0.18515625 0.4421875 0.08125 0.16171875
1 0.23671875 0.36875 0.06328125 0.1015625
1 0.290625 0.33984375 0.05234375 0.0953125
1 0.43359375 0.3390625 0.0578125 0.07578125
1 0.4125 0.36640625 0.0640625 0.096875
1 0.57734375 0.2828125 0.0421875 0.06953125
0 0.57734375 0.3421875 0.0421875 0.08203125
1 0.6078125 0.3765625 0.0671875 0.1078125
1 0.6421875 0.47109375 0.115625 0.125
1 0.7203125 0.60078125 0.1703125 0.21171875
1 0.71171875 0.2984375 0.0484375 0.09140625
1 0.7390625 0.3265625 0.0546875 0.1125
1 0.796875 0.37109375 0.0609375 0.096875
1 0.90625 0.46875 0.121875 0.1078125
1 0.9421875 0.56796875 0.115625 0.1765625