0 0.05234375 0.4109375 0.1046875 0.3046875
1 0.1421875 0.34296875 0.14375 0.28359375
1 0.2796875 0.3203125 0.134375 0.2234375
1 0.3734375 0.290625 0.12734375 0.21796875
1 0.56953125 0.34765625 0.13359375 0.2328125
1 0.49296875 0.35546875 0.13515625 0.2390625
1 0.4140625 0.43671875 0.1546875 0.31171875
0 0.27578125 0.51328125 0.171875 0.371875
1 0.73515625 0.7625 0.3234375 0.2625
1 0.7515625 0.57578125 0.1890625 0.31796875
1 0.84609375 0.3953125 0.11953125 0.275
1 0.89609375 0.34375 0.06328125 0.2796875