1 0.06953125 0.625 0.11171875 0.16640625
1 0.13984375 0.49375 0.08671875 0.1453125
1 0.20859375 0.4109375 0.0625 0.1125
1 0.25859375 0.3640625 0.04765625 0.08984375
1 0.4046875 0.37109375 0.03984375 0.06328125
1 0.3875 0.403125 0.06171875 0.08671875
0 0.38203125 0.478125 0.0796875 0.08359375
1 0.3578125 0.56953125 0.08125 0.16953125
1 0.54453125 0.3171875 0.05390625 0.07265625
1 0.67890625 0.3171875 0.0390625 0.07578125
0 0.55078125 0.36640625 0.04765625 0.07578125
1 0.58125 0.4109375 0.053125 0.109375
1 0.61953125 0.5125 0.0703125 0.1171875
1 0.70625 0.3671875 0.04453125 0.07109375
1 0.7765625 0.40390625 0.040625 0.115625
1 0.68515625 0.65859375 0.10078125 0.15703125
1 0.878125 0.51328125 0.075 0.109375
1 0.93515625 0.62421875 0.0984375 0.21171875