1 0.06484375 0.6015625 0.1171875 0.16328125
0 0.3296875 0.5515625 0.115625 0.20546875
0 0.13203125 0.45546875 0.08828125 0.1484375
1 0.3765625 0.4609375 0.084375 0.10625
1 0.19609375 0.378125 0.0578125 0.0984375
1 0.25390625 0.33828125 0.03359375 0.07734375
1 0.36875 0.37890625 0.0625 0.08828125
1 0.40078125 0.34453125 0.05625 0.07578125
1 0.54453125 0.31015625 0.04375 0.07734375
1 0.67421875 0.309375 0.040625 0.06640625
1 0.5453125 0.3578125 0.04375 0.07109375
1 0.571875 0.40390625 0.06015625 0.10625
1 0.61171875 0.49296875 0.07265625 0.1375
1 0.665625 0.64296875 0.096875 0.18046875
1 0.69140625 0.35703125 0.04453125 0.07890625
1 0.75859375 0.4015625 0.06796875 0.1015625
1 0.85390625 0.49375 0.0875 0.1109375
1 0.90859375 0.61171875 0.11015625 0.2484375