1 0.0875 0.5296875 0.128125 0.16953125
1 0.3734375 0.5078125 0.10859375 0.1484375
1 0.159375 0.40625 0.08671875 0.1375
1 0.215625 0.32578125 0.06484375 0.1078125
1 0.271875 0.30078125 0.04453125 0.08046875
1 0.42734375 0.29453125 0.0609375 0.07734375
1 0.4 0.33203125 0.0625 0.09296875
1 0.3984375 0.3953125 0.0796875 0.1015625
1 0.559375 0.24375 0.05234375 0.08046875
1 0.70234375 0.240625 0.0421875 0.08359375
1 0.56875 0.303125 0.05234375 0.06953125
1 0.721875 0.29609375 0.07109375 0.08359375
1 0.58671875 0.33984375 0.065625 0.1140625
1 0.796875 0.34375 0.090625 0.0953125
1 0.63359375 0.43984375 0.09453125 0.1265625
1 0.89453125 0.45 0.0828125 0.096875
1 0.6921875 0.6 0.125 0.17265625
1 0.9421875 0.55859375 0.11015625 0.23125