1 0.09765625 0.30859375 0.115625 0.29609375
1 0.21171875 0.2328125 0.0578125 0.16640625
1 0.31171875 0.184375 0.0390625 0.1125
0 0.4203125 0.19921875 0.0609375 0.1078125
0 0.62421875 0.2171875 0.07578125 0.1125
1 0.55 0.25234375 0.08515625 0.140625
1 0.465625 0.30078125 0.0609375 0.19453125
1 0.30859375 0.23828125 0.00234375 0.0046875
0 0.346875 0.384375 0.09140625 0.31796875
1 0.79609375 0.7140625 0.27890625 0.4703125
1 0.86171875 0.44375 0.1125 0.18984375
0 0.9046875 0.2796875 0.09375 0.1515625
1 0.946875 0.165625 0.0515625 0.096875