0 0.046875 0.46171875 0.09375 0.28125
1 0.1484375 0.378125 0.096875 0.17890625
1 0.2640625 0.32421875 0.08515625 0.1015625
0 0.36875 0.31328125 0.09375 0.1234375
1 0.56484375 0.35859375 0.0671875 0.140625
1 0.49140625 0.36640625 0.103125 0.17734375
1 0.40546875 0.45625 0.10078125 0.18359375
0 0.28046875 0.50703125 0.125 0.30703125
1 0.7390625 0.80390625 0.3015625 0.3828125
1 0.78984375 0.5671875 0.1578125 0.2765625
1 0.83515625 0.409375 0.096875 0.2421875
1 0.8921875 0.32421875 0.0609375 0.16640625