1 0.09921875 0.61796875 0.1109375 0.153125
1 0.16328125 0.4984375 0.0640625 0.15703125
1 0.21796875 0.41640625 0.0484375 0.1046875
1 0.2703125 0.375 0.0359375 0.08359375
1 0.42890625 0.38984375 0.04453125 0.06640625
1 0.40078125 0.41640625 0.046875 0.07734375
1 0.39453125 0.49765625 0.071875 0.1125
0 0.34296875 0.59296875 0.096875 0.18203125
1 0.5578125 0.340625 0.04921875 0.07890625
1 0.69296875 0.346875 0.040625 0.08984375
1 0.5625 0.40703125 0.03671875 0.07734375
1 0.58828125 0.44765625 0.05703125 0.1015625
1 0.628125 0.53203125 0.0640625 0.1296875
1 0.690625 0.684375 0.103125 0.17421875
1 0.71484375 0.390625 0.04609375 0.1203125
1 0.78203125 0.43671875 0.05625 0.1359375
1 0.89765625 0.5375 0.0828125 0.125
1 0.94609375 0.6765625 0.1078125 0.253125