0 0.09140625 0.53828125 0.1 0.17890625
1 0.146875 0.4359375 0.08125 0.125
1 0.20546875 0.3578125 0.065625 0.0953125
1 0.26015625 0.34140625 0.0484375 0.06484375
1 0.41875 0.33125 0.0609375 0.06328125
1 0.378125 0.35234375 0.0484375 0.07578125
1 0.38515625 0.428125 0.0671875 0.096875
1 0.35859375 0.5234375 0.07578125 0.1453125
1 0.55 0.271875 0.03984375 0.06484375
1 0.55703125 0.32578125 0.03359375 0.06484375
1 0.5796875 0.36328125 0.0421875 0.08515625
1 0.6265625 0.45546875 0.0828125 0.1296875
1 0.6734375 0.60078125 0.096875 0.140625
1 0.68671875 0.26640625 0.0390625 0.07578125
1 0.71015625 0.31171875 0.04140625 0.05859375
1 0.7796875 0.3609375 0.0671875 0.08046875
1 0.878125 0.45546875 0.10078125 0.0953125
1 0.93203125 0.57734375 0.12734375 0.16640625