1 0.07265625 0.53125 0.125 0.2359375
1 0.1421875 0.46640625 0.0921875 0.19140625
1 0.2015625 0.38203125 0.07578125 0.1375
1 0.253125 0.34453125 0.059375 0.1125
1 0.40390625 0.3015625 0.0578125 0.096875
1 0.37734375 0.375 0.06953125 0.1140625
1 0.37734375 0.4578125 0.08828125 0.153125
1 0.35703125 0.53125 0.10703125 0.21796875
1 0.56015625 0.23203125 0.0640625 0.09375
1 0.56015625 0.296875 0.0609375 0.1
1 0.5828125 0.36328125 0.078125 0.14375
1 0.621875 0.49609375 0.09375 0.146875
1 0.67421875 0.6515625 0.15078125 0.246875
1 0.6734375 0.23671875 0.046875 0.08515625
1 0.72265625 0.26484375 0.065625 0.11875
1 0.78359375 0.33203125 0.0859375 0.15
1 0.8734375 0.48203125 0.121875 0.146875
1 0.91171875 0.6390625 0.1609375 0.240625