1 0.1203125 0.38828125 0.12421875 0.21171875
1 0.246875 0.31484375 0.07265625 0.16015625
1 0.34609375 0.26875 0.0609375 0.07109375
1 0.4578125 0.26328125 0.0640625 0.09140625
1 0.64921875 0.30390625 0.07578125 0.1515625
1 0.57578125 0.32890625 0.07578125 0.15703125
1 0.5140625 0.39296875 0.08515625 0.21171875
0 0.3875 0.43359375 0.11171875 0.28125
1 0.7984375 0.74609375 0.2578125 0.44296875
1 0.88984375 0.528125 0.12734375 0.23125
1 0.93125 0.3765625 0.0453125 0.09296875
1 0.9765625 0.2796875 0.046875 0.134375