1 0.09453125 0.58671875 0.13046875 0.18828125
1 0.15 0.4625 0.0875 0.128125
1 0.21328125 0.37421875 0.05625 0.115625
1 0.27109375 0.3390625 0.06171875 0.1
1 0.41484375 0.33359375 0.0515625 0.07734375
1 0.3921875 0.3640625 0.0578125 0.1015625
1 0.3953125 0.45078125 0.06953125 0.1171875
0 0.36796875 0.5546875 0.09140625 0.18359375
1 0.55625 0.28046875 0.04375 0.08515625
1 0.55625 0.3328125 0.04609375 0.09140625
1 0.58515625 0.38125 0.05625 0.0984375
1 0.62578125 0.46875 0.0921875 0.1265625
1 0.70078125 0.6171875 0.14375 0.19140625
1 0.69375 0.2796875 0.0390625 0.08359375
1 0.71328125 0.31328125 0.04765625 0.0953125
1 0.78359375 0.37578125 0.0828125 0.134375
1 0.89375 0.45625 0.08671875 0.103125
1 0.9375 0.5703125 0.1078125 0.21796875