1 0.0734375 0.2671875 0.146875 0.246875
1 0.20390625 0.13984375 0.09375 0.2203125
1 0.31015625 0.0921875 0.06328125 0.134375
0 0.41015625 0.06171875 0.07578125 0.1171875
1 0.6203125 0.1046875 0.05234375 0.1515625
1 0.55234375 0.12890625 0.08515625 0.18984375
1 0.4578125 0.21875 0.09140625 0.18359375
1 0.3421875 0.296875 0.115625 0.28515625
1 0.80390625 0.54453125 0.225 0.3734375
1 0.8375 0.32421875 0.13984375 0.221875
1 0.8953125 0.17421875 0.07265625 0.17265625
1 0.95625 0.09140625 0.0546875 0.16640625