1 0.040625 0.48828125 0.08125 0.2578125
1 0.15234375 0.41796875 0.0828125 0.17265625
1 0.26796875 0.3640625 0.0515625 0.1078125
1 0.36875 0.34296875 0.06328125 0.1078125
1 0.5640625 0.371875 0.06796875 0.1453125
1 0.49453125 0.40625 0.09140625 0.16171875
1 0.4234375 0.48515625 0.09453125 0.19921875
0 0.30390625 0.553125 0.10703125 0.29140625
0 0.69296875 0.715625 0.17265625 0.4859375
1 0.82109375 0.571875 0.1484375 0.2640625
1 0.85390625 0.46171875 0.0640625 0.16015625
1 0.88515625 0.33828125 0.0703125 0.17265625