1 0.04921875 0.57421875 0.0984375 0.2046875
1 0.115625 0.40859375 0.0875 0.1453125
1 0.171875 0.3546875 0.05390625 0.1453125
1 0.225 0.31171875 0.05703125 0.08046875
1 0.3921875 0.30390625 0.0453125 0.07421875
1 0.365625 0.33125 0.0421875 0.096875
1 0.36171875 0.409375 0.0765625 0.09140625
0 0.33046875 0.4875 0.09140625 0.16015625
1 0.53359375 0.24453125 0.04765625 0.06328125
1 0.53671875 0.29609375 0.05546875 0.05859375
1 0.5640625 0.3421875 0.0421875 0.11875
1 0.60625 0.45 0.0609375 0.128125
1 0.6609375 0.5765625 0.13359375 0.1125
1 0.67109375 0.25546875 0.0265625 0.07578125
1 0.69140625 0.309375 0.0359375 0.06328125
1 0.75546875 0.3578125 0.05546875 0.06484375
1 0.8625 0.4546875 0.1125 0.096875
1 0.9 0.57421875 0.12421875 0.1390625