1 0.08515625 0.609375 0.13359375 0.1359375
1 0.15703125 0.47109375 0.0875 0.11875
1 0.21328125 0.390625 0.0671875 0.0953125
1 0.26171875 0.3609375 0.0546875 0.08046875
1 0.41796875 0.35 0.06328125 0.05859375
1 0.3921875 0.37421875 0.065625 0.08515625
1 0.3984375 0.46328125 0.0921875 0.1015625
1 0.36640625 0.54921875 0.08125 0.16640625
1 0.5578125 0.28984375 0.03984375 0.05859375
1 0.565625 0.34453125 0.04765625 0.06953125
1 0.58984375 0.39375 0.04921875 0.1015625
1 0.63203125 0.48671875 0.09140625 0.11875
1 0.68359375 0.62578125 0.103125 0.134375
1 0.68671875 0.3171875 0.0421875 0.04765625
1 0.7203125 0.32890625 0.0421875 0.08046875
1 0.784375 0.3828125 0.06171875 0.08046875
1 0.8859375 0.46640625 0.1 0.1078125
1 0.9328125 0.590625 0.121875 0.17109375