1 0.071875 0.5953125 0.13046875 0.1390625
1 0.1359375 0.4640625 0.09453125 0.134375
1 0.2 0.3796875 0.0578125 0.1078125
1 0.246875 0.328125 0.0671875 0.06953125
1 0.4046875 0.34375 0.04765625 0.05859375
1 0.37734375 0.365625 0.065625 0.1015625
1 0.38515625 0.45546875 0.0828125 0.1203125
1 0.35 0.54140625 0.09609375 0.1515625
1 0.53984375 0.27734375 0.0453125 0.07578125
1 0.54921875 0.334375 0.0515625 0.06953125
1 0.58125 0.3765625 0.06015625 0.1015625
1 0.6234375 0.4828125 0.09140625 0.1296875
1 0.6828125 0.5765625 0.1359375 0.19921875
1 0.675 0.29609375 0.0484375 0.05859375
1 0.7 0.309375 0.0484375 0.08515625
1 0.76953125 0.36640625 0.0734375 0.103125
1 0.86796875 0.465625 0.09375 0.096875
1 0.92265625 0.56875 0.1125 0.16171875