0 0.0578125 0.41015625 0.103125 0.23125
1 0.19453125 0.35859375 0.09140625 0.19296875
1 0.30625 0.28515625 0.0515625 0.1140625
1 0.41015625 0.28046875 0.07890625 0.134375
1 0.6 0.34296875 0.0703125 0.1515625
1 0.52890625 0.35078125 0.07890625 0.17734375
1 0.45625 0.41484375 0.07890625 0.221875
1 0.353125 0.46875 0.103125 0.30859375
1 0.75078125 0.7671875 0.24296875 0.4046875
1 0.84609375 0.57421875 0.10625 0.2375
1 0.92578125 0.33203125 0.03359375 0.07421875
1 0.89375 0.32421875 0.0421875 0.1015625
1 0.88125 0.4421875 0.04765625 0.103125