1 0.1046875 0.53671875 0.10625 0.18515625
1 0.1671875 0.43515625 0.071875 0.1546875
1 0.2234375 0.365625 0.05390625 0.1359375
1 0.27265625 0.32421875 0.0296875 0.08984375
1 0.42265625 0.315625 0.03046875 0.08515625
1 0.396875 0.34609375 0.059375 0.08828125
1 0.4 0.4125 0.05703125 0.09140625
1 0.37265625 0.51171875 0.090625 0.15625
1 0.565625 0.26015625 0.04375 0.07578125
1 0.703125 0.2734375 0.0484375 0.08046875
1 0.5625 0.31875 0.03828125 0.08515625
1 0.72734375 0.31640625 0.0484375 0.08359375
1 0.59140625 0.3640625 0.06015625 0.1015625
1 0.7890625 0.35625 0.0765625 0.08671875
1 0.6296875 0.45703125 0.09140625 0.1140625
1 0.90234375 0.4640625 0.07890625 0.08828125
1 0.68984375 0.5921875 0.1109375 0.18046875
1 0.9421875 0.57578125 0.1078125 0.21328125