1 0.0875 0.63125 0.1640625 0.1453125
1 0.14609375 0.4984375 0.0828125 0.1296875
1 0.21484375 0.4171875 0.06171875 0.10625
1 0.26796875 0.3875 0.04609375 0.09296875
1 0.41953125 0.39609375 0.0578125 0.07578125
1 0.3890625 0.425 0.04609375 0.08203125
1 0.3921875 0.50390625 0.09375 0.11875
0 0.34140625 0.5765625 0.0765625 0.17734375
1 0.553125 0.35234375 0.0390625 0.05390625
1 0.5578125 0.40390625 0.04140625 0.06953125
1 0.58515625 0.45234375 0.03046875 0.09296875
1 0.63984375 0.54453125 0.071875 0.1015625
1 0.6828125 0.67890625 0.115625 0.1234375
1 0.69140625 0.34921875 0.0421875 0.06953125
1 0.71171875 0.40625 0.04609375 0.05390625
1 0.77890625 0.4546875 0.05234375 0.07578125
1 0.88515625 0.5328125 0.11875 0.1125
1 0.93203125 0.65546875 0.13515625 0.18359375