0 0.0421875 0.39453125 0.07890625 0.28515625
1 0.2625 0.434375 0.1109375 0.346875
1 0.12734375 0.29453125 0.07578125 0.24375
1 0.22890625 0.24140625 0.05625 0.14375
1 0.38203125 0.38046875 0.09375 0.2484375
1 0.46328125 0.28046875 0.07265625 0.18359375
0 0.34140625 0.2109375 0.06796875 0.115625
0 0.53984375 0.24921875 0.0609375 0.16171875
1 0.85859375 0.18984375 0.0625 0.1546875
1 0.81171875 0.31796875 0.08125 0.221875
1 0.78671875 0.453125 0.153125 0.20859375
1 0.74453125 0.67109375 0.2078125 0.29609375