1 0.0890625 0.628125 0.13984375 0.17265625
1 0.14375 0.50390625 0.103125 0.140625
1 0.20234375 0.4140625 0.07578125 0.1125
1 0.259375 0.390625 0.0546875 0.0953125
1 0.41875 0.39921875 0.0453125 0.06953125
1 0.38671875 0.42734375 0.0546875 0.08671875
1 0.39609375 0.5015625 0.07265625 0.1015625
1 0.35234375 0.56796875 0.07578125 0.19453125
1 0.68125 0.690625 0.13359375 0.16796875
1 0.6203125 0.53671875 0.11484375 0.1296875
1 0.5921875 0.43046875 0.05703125 0.08046875
1 0.55546875 0.38203125 0.0515625 0.09140625
1 0.54609375 0.33359375 0.0390625 0.08046875
1 0.6796875 0.33671875 0.0453125 0.06484375
1 0.71015625 0.37734375 0.0640625 0.09140625
1 0.77265625 0.43359375 0.078125 0.1078125
1 0.88515625 0.5359375 0.12734375 0.109375
1 0.92734375 0.66015625 0.1453125 0.19453125