0 0.0796875 0.4359375 0.1484375 0.20546875
1 0.2078125 0.34375 0.09375 0.18359375
1 0.32109375 0.28671875 0.07265625 0.09296875
1 0.41953125 0.28125 0.0578125 0.09140625
0 0.61875 0.33046875 0.078125 0.1234375
1 0.54296875 0.3359375 0.09140625 0.16796875
1 0.453125 0.4140625 0.09375 0.15
0 0.34296875 0.48671875 0.109375 0.30703125
1 0.7890625 0.78125 0.284375 0.3453125
1 0.8546875 0.51484375 0.11171875 0.16796875
1 0.89921875 0.3734375 0.0671875 0.15703125
0 0.953125 0.30859375 0.0609375 0.18828125