0 0.08671875 0.3453125 0.10234375 0.25
1 0.34140625 0.37109375 0.08515625 0.31640625
1 0.190625 0.2578125 0.078125 0.21328125
1 0.303125 0.2203125 0.059375 0.1546875
1 0.45703125 0.32890625 0.0875 0.21328125
0 0.40546875 0.2078125 0.0609375 0.121875
1 0.5359375 0.25625 0.08125 0.20078125
1 0.61171875 0.22734375 0.06328125 0.16484375
1 0.9390625 0.19921875 0.06484375 0.18515625
1 0.8890625 0.27578125 0.084375 0.146875
1 0.859375 0.40703125 0.13203125 0.17578125
1 0.803125 0.6515625 0.27109375 0.3453125