1 0.11328125 0.58046875 0.07890625 0.1296875
1 0.17734375 0.6171875 0.0609375 0.1515625
1 0.26796875 0.64453125 0.103125 0.17109375
1 0.34140625 0.57421875 0.04140625 0.1078125
1 0.415625 0.69296875 0.11171875 0.33359375
1 0.48125 0.5359375 0.03046875 0.07578125
1 0.525 0.60546875 0.0578125 0.11875
1 0.5578125 0.4953125 0.05234375 0.1015625
0 0.59921875 0.6140625 0.07265625 0.21015625
1 0.70390625 0.55234375 0.08125 0.1078125
0 0.871875 0.64921875 0.1546875 0.2265625
1 0.959375 0.584375 0.07578125 0.2265625