0 0.10234375 0.4984375 0.06953125 0.2375
0 0.32734375 0.53359375 0.10625 0.30859375
1 0.178125 0.4203125 0.0703125 0.146875
1 0.3046875 0.33515625 0.065625 0.1015625
1 0.45859375 0.49140625 0.10625 0.2421875
1 0.39765625 0.34453125 0.0765625 0.06953125
1 0.53828125 0.40234375 0.071875 0.16171875
1 0.60703125 0.36953125 0.0390625 0.10625
1 0.81953125 0.7984375 0.27109375 0.39375
1 0.87421875 0.58359375 0.10625 0.16640625
1 0.9015625 0.40703125 0.05234375 0.1421875
1 0.9328125 0.296875 0.0484375 0.09140625