1 0.10625 0.5140625 0.096875 0.23125
1 0.22578125 0.46171875 0.11171875 0.19453125
1 0.3515625 0.4234375 0.07265625 0.11875
0 0.45546875 0.434375 0.0671875 0.109375
1 0.6484375 0.48828125 0.08125 0.16171875
1 0.571875 0.490625 0.08828125 0.20078125
1 0.4703125 0.5390625 0.08515625 0.15625
0 0.353125 0.60703125 0.11796875 0.2796875
1 0.76484375 0.88046875 0.18203125 0.2203125
1 0.87734375 0.7640625 0.11484375 0.21640625
1 0.93203125 0.56953125 0.06796875 0.1515625
1 0.9703125 0.490625 0.059375 0.18828125