1 0.09453125 0.47578125 0.10234375 0.2296875
1 0.22421875 0.4078125 0.07734375 0.19296875
1 0.340625 0.36171875 0.059375 0.134375
1 0.44375 0.33984375 0.06875 0.1109375
0 0.640625 0.38828125 0.07265625 0.146875
1 0.5546875 0.40703125 0.09375 0.15703125
1 0.48515625 0.47890625 0.13828125 0.18984375
0 0.35 0.52890625 0.134375 0.29140625
1 0.9640625 0.3625 0.071875 0.18515625
1 0.934375 0.4734375 0.10390625 0.19140625
1 0.88359375 0.58359375 0.15859375 0.25
1 0.815625 0.80703125 0.1921875 0.3640625