1 0.08125 0.52734375 0.11796875 0.1125
1 0.15234375 0.38984375 0.0828125 0.11875
1 0.21640625 0.3203125 0.0640625 0.10625
1 0.26328125 0.28203125 0.0484375 0.08671875
1 0.42578125 0.29765625 0.04609375 0.06484375
1 0.3859375 0.31796875 0.03984375 0.08046875
1 0.396875 0.39296875 0.06015625 0.09140625
1 0.36171875 0.509375 0.09375 0.1390625
1 0.55625 0.2421875 0.0328125 0.05859375
1 0.565625 0.30625 0.03359375 0.06015625
1 0.58828125 0.34375 0.03671875 0.08046875
1 0.63203125 0.453125 0.07578125 0.09140625
1 0.68984375 0.59453125 0.10078125 0.140625
1 0.696875 0.26171875 0.0515625 0.07578125
1 0.728125 0.30390625 0.03046875 0.08671875
1 0.7828125 0.35703125 0.07265625 0.07578125
1 0.8875 0.44453125 0.09453125 0.1078125
1 0.9390625 0.565625 0.11796875 0.17734375