1 0.128125 0.43984375 0.15 0.26875
1 0.27109375 0.36328125 0.10625 0.2328125
1 0.35703125 0.30859375 0.0703125 0.15703125
0 0.46328125 0.2828125 0.08046875 0.16171875
0 0.66171875 0.32578125 0.075 0.1515625
1 0.57265625 0.3421875 0.0796875 0.19921875
0 0.50546875 0.45234375 0.096875 0.278125
0 0.3828125 0.5046875 0.11796875 0.3828125
1 0.953125 0.29375 0.09296875 0.19296875
1 0.9296875 0.4015625 0.140625 0.24375
0 0.89609375 0.52578125 0.1546875 0.31328125
1 0.82578125 0.76875 0.28671875 0.46171875