1 0.04609375 0.35625 0.0921875 0.3125
1 0.15859375 0.23046875 0.11171875 0.2203125
1 0.25703125 0.16875 0.071875 0.11875
0 0.3640625 0.17890625 0.06796875 0.1078125
0 0.57265625 0.1984375 0.07265625 0.16796875
1 0.48046875 0.20390625 0.06328125 0.18828125
1 0.41953125 0.30625 0.0875 0.2203125
1 0.30625 0.36328125 0.10859375 0.32265625
1 0.76640625 0.625 0.20390625 0.33046875
1 0.79453125 0.41953125 0.09140625 0.17890625
1 0.85234375 0.30078125 0.07265625 0.20078125
1 0.89375 0.190625 0.0828125 0.18359375