0 0.10234375 0.52109375 0.08515625 0.18359375
1 0.15546875 0.4234375 0.0703125 0.11875
1 0.2078125 0.3375 0.06953125 0.11875
1 0.25703125 0.31015625 0.0671875 0.07421875
1 0.4171875 0.31015625 0.0515625 0.07421875
1 0.39296875 0.340625 0.0515625 0.09140625
1 0.38984375 0.41796875 0.08125 0.1296875
1 0.36875 0.51328125 0.07578125 0.17734375
1 0.678125 0.59609375 0.1484375 0.18359375
1 0.634375 0.4453125 0.090625 0.10625
1 0.59921875 0.35859375 0.0515625 0.140625
1 0.56484375 0.30703125 0.0421875 0.08046875
1 0.5609375 0.2421875 0.0421875 0.05859375
1 0.684375 0.2453125 0.0390625 0.1078125
1 0.72578125 0.29140625 0.065625 0.08046875
1 0.784375 0.33515625 0.08125 0.1234375
1 0.89140625 0.46171875 0.1359375 0.1078125
1 0.92890625 0.6265625 0.13984375 0.18828125