1 0.06953125 0.3234375 0.13828125 0.2984375
1 0.178125 0.22265625 0.13359375 0.2703125
1 0.31484375 0.18515625 0.090625 0.17265625
0 0.4125 0.178125 0.0484375 0.134375
1 0.615625 0.2109375 0.0671875 0.15625
1 0.515625 0.234375 0.109375 0.21640625
1 0.44609375 0.33515625 0.1328125 0.21015625
1 0.31328125 0.42578125 0.16640625 0.31796875
1 0.78359375 0.68046875 0.2859375 0.46015625
1 0.8359375 0.4375 0.14921875 0.2328125
1 0.88125 0.26484375 0.09453125 0.18984375
1 0.9328125 0.12890625 0.06953125 0.16796875