1 0.08515625 0.54140625 0.13125 0.1078125
1 0.153125 0.40390625 0.08828125 0.134375
1 0.21953125 0.32890625 0.0578125 0.1015625
1 0.26796875 0.3015625 0.0453125 0.06953125
1 0.42265625 0.3203125 0.03984375 0.05390625
1 0.39296875 0.3390625 0.0390625 0.06953125
1 0.39609375 0.43046875 0.08125 0.1234375
0 0.35 0.50390625 0.09453125 0.18359375
1 0.55859375 0.26328125 0.03046875 0.06953125
1 0.5671875 0.31953125 0.03046875 0.06484375
1 0.58828125 0.36640625 0.0609375 0.09140625
1 0.6296875 0.46875 0.1 0.1015625
1 0.6875 0.603125 0.1421875 0.1453125
1 0.696875 0.26875 0.0390625 0.08046875
1 0.71953125 0.32265625 0.0421875 0.05859375
1 0.7875 0.38203125 0.0640625 0.09140625
1 0.884375 0.46328125 0.10625 0.1140625
1 0.93671875 0.58203125 0.12578125 0.18828125