1 0.0890625 0.63671875 0.11171875 0.15625
1 0.153125 0.50703125 0.08125 0.125
1 0.21640625 0.42578125 0.05703125 0.08046875
1 0.26953125 0.396875 0.06015625 0.08671875
1 0.41953125 0.41171875 0.03359375 0.06484375
1 0.3953125 0.4375 0.0578125 0.09140625
1 0.38984375 0.51484375 0.0640625 0.096875
1 0.36171875 0.60390625 0.0640625 0.15625
1 0.55703125 0.3609375 0.0390625 0.07109375
1 0.5640625 0.41484375 0.03125 0.07109375
1 0.59453125 0.453125 0.0484375 0.1125
1 0.6359375 0.56328125 0.0875 0.1078125
1 0.68671875 0.68828125 0.12421875 0.1296875
1 0.6859375 0.36953125 0.0484375 0.07578125
1 0.71015625 0.41015625 0.0484375 0.08046875
1 0.77109375 0.43984375 0.05390625 0.1171875
1 0.8859375 0.54765625 0.096875 0.1078125
1 0.925 0.66640625 0.15 0.17265625