1 0.0765625 0.53125 0.11875 0.1296875
1 0.15546875 0.40390625 0.08125 0.125
1 0.21796875 0.32578125 0.0484375 0.0953125
1 0.26640625 0.309375 0.0421875 0.05390625
1 0.41875 0.30390625 0.03125 0.06484375
1 0.39375 0.32578125 0.078125 0.08671875
1 0.4 0.40859375 0.065625 0.1015625
1 0.36484375 0.5140625 0.1 0.1515625
1 0.5625 0.24140625 0.0328125 0.04765625
1 0.5640625 0.28984375 0.0484375 0.08046875
1 0.59453125 0.33671875 0.04921875 0.08671875
1 0.64296875 0.43046875 0.07265625 0.1234375
1 0.71015625 0.5796875 0.121875 0.13125
1 0.70546875 0.2421875 0.0578125 0.06484375
1 0.72421875 0.28828125 0.05234375 0.05859375
1 0.79921875 0.346875 0.06953125 0.1015625
1 0.90078125 0.44453125 0.109375 0.08046875
1 0.928125 0.5421875 0.14375 0.17734375