1 0.0703125 0.60234375 0.09921875 0.19921875
1 0.14296875 0.47734375 0.07109375 0.134375
1 0.2 0.3890625 0.05234375 0.1140625
1 0.26328125 0.34921875 0.05625 0.07890625
1 0.40625 0.35078125 0.04375 0.07890625
1 0.38125 0.3859375 0.0578125 0.0953125
1 0.384375 0.46875 0.06953125 0.10625
1 0.36171875 0.5765625 0.090625 0.15859375
1 0.54453125 0.29296875 0.03125 0.06484375
1 0.54921875 0.34375 0.03984375 0.06796875
1 0.5796875 0.396875 0.06328125 0.08671875
1 0.6140625 0.47578125 0.07265625 0.11875
1 0.684375 0.63984375 0.12265625 0.2328125
1 0.67890625 0.3171875 0.0328125 0.06328125
1 0.709375 0.340625 0.04140625 0.115625
1 0.7671875 0.37734375 0.0765625 0.121875
1 0.87734375 0.4875 0.071875 0.1046875
1 0.93203125 0.59140625 0.1 0.2625