1 0.09609375 0.57109375 0.1046875 0.20703125
0 0.3203125 0.55234375 0.109375 0.21328125
1 0.140625 0.459375 0.08359375 0.146875
1 0.196875 0.3875 0.075 0.1421875
1 0.25546875 0.334375 0.046875 0.09375
1 0.40234375 0.34609375 0.0359375 0.06640625
1 0.37890625 0.37265625 0.0703125 0.09375
1 0.37890625 0.45859375 0.0703125 0.1234375
1 0.54765625 0.2890625 0.0625 0.08515625
1 0.54765625 0.3375 0.040625 0.06953125
1 0.584375 0.40078125 0.06875 0.1125
1 0.621875 0.4890625 0.06875 0.1171875
1 0.67890625 0.6484375 0.10390625 0.21875
0 0.68125 0.290625 0.0515625 0.08828125
1 0.70625 0.32421875 0.0578125 0.08671875
1 0.76640625 0.384375 0.07265625 0.1171875
1 0.878125 0.4796875 0.096875 0.1234375
1 0.921875 0.60625 0.109375 0.25