1 0.0765625 0.5671875 0.0953125 0.19609375
1 0.140625 0.4671875 0.0765625 0.140625
1 0.19921875 0.38125 0.0515625 0.1171875
1 0.2484375 0.33203125 0.053125 0.08984375
1 0.403125 0.33828125 0.04375 0.06796875
1 0.38359375 0.375 0.06171875 0.08046875
1 0.3796875 0.446875 0.075 0.11875
1 0.35703125 0.54609375 0.06796875 0.1484375
1 0.54765625 0.27734375 0.05 0.07890625
1 0.546875 0.3328125 0.03671875 0.07578125
1 0.5765625 0.3703125 0.0515625 0.1109375
1 0.61484375 0.4671875 0.0734375 0.115625
1 0.68828125 0.61640625 0.121875 0.2296875
1 0.67890625 0.296875 0.03828125 0.06015625
1 0.7046875 0.321875 0.04765625 0.096875
1 0.7640625 0.36484375 0.0703125 0.134375
1 0.87421875 0.4640625 0.08046875 0.10625
1 0.9265625 0.584375 0.0984375 0.2390625