1 0.09609375 0.515625 0.109375 0.15703125
1 0.15078125 0.39140625 0.0921875 0.153125
1 0.20546875 0.29921875 0.0625 0.15703125
1 0.26015625 0.25703125 0.05625 0.115625
1 0.42890625 0.278125 0.0625 0.1140625
1 0.39453125 0.29921875 0.05625 0.09296875
1 0.38984375 0.37421875 0.06796875 0.115625
1 0.36875 0.48203125 0.0859375 0.19609375
1 0.5640625 0.22578125 0.05390625 0.08828125
1 0.7 0.215625 0.05390625 0.09140625
1 0.56484375 0.28828125 0.05234375 0.0984375
1 0.72578125 0.2765625 0.06953125 0.1046875
1 0.5890625 0.33203125 0.06796875 0.1109375
1 0.790625 0.32734375 0.07734375 0.0984375
1 0.6296875 0.4296875 0.09453125 0.15
1 0.89921875 0.43359375 0.09296875 0.1234375
1 0.69375 0.59296875 0.125 0.21640625
1 0.93515625 0.56484375 0.121875 0.21875