0 0.08359375 0.54921875 0.14296875 0.16640625
1 0.13984375 0.44140625 0.084375 0.1453125
1 0.20625 0.36875 0.0484375 0.1078125
1 0.26640625 0.33671875 0.0578125 0.08671875
0 0.41328125 0.33671875 0.0375 0.07421875
1 0.38359375 0.3546875 0.0546875 0.09296875
1 0.3953125 0.45546875 0.0609375 0.1078125
0 0.334375 0.5234375 0.1203125 0.16640625
1 0.675 0.6171875 0.13984375 0.1515625
1 0.628125 0.4734375 0.0875 0.1015625
1 0.58203125 0.39296875 0.06328125 0.103125
1 0.553125 0.3515625 0.06015625 0.08671875
1 0.54921875 0.2796875 0.0515625 0.08046875
1 0.68828125 0.290625 0.05703125 0.04765625
1 0.71171875 0.32578125 0.0671875 0.0953125
1 0.7828125 0.39296875 0.07578125 0.08203125
1 0.86796875 0.46640625 0.11171875 0.07421875
1 0.9296875 0.59296875 0.13984375 0.19921875