1 0.084375 0.5578125 0.115625 0.15625
1 0.1546875 0.44140625 0.0828125 0.1421875
1 0.2203125 0.3609375 0.05703125 0.1046875
1 0.26953125 0.31015625 0.04765625 0.08671875
1 0.41796875 0.3140625 0.040625 0.06953125
1 0.3921875 0.34375 0.0484375 0.07734375
1 0.3921875 0.428125 0.0578125 0.096875
1 0.3671875 0.51875 0.08359375 0.1484375
1 0.55703125 0.259375 0.0375 0.07734375
1 0.559375 0.3203125 0.040625 0.07265625
1 0.59140625 0.35703125 0.04609375 0.11875
1 0.628125 0.45078125 0.0734375 0.1234375
1 0.6953125 0.6234375 0.09375 0.20390625
1 0.69296875 0.27421875 0.0421875 0.096875
1 0.71796875 0.30625 0.04609375 0.08515625
0 0.78203125 0.353125 0.07109375 0.1078125
1 0.89765625 0.459375 0.096875 0.115625
1 0.93046875 0.596875 0.1265625 0.21640625