0 0.0453125 0.38515625 0.090625 0.31328125
1 0.12265625 0.28515625 0.1125 0.253125
1 0.228125 0.21484375 0.09375 0.1234375
0 0.33046875 0.1875 0.07890625 0.09140625
0 0.54921875 0.24140625 0.0546875 0.134375
1 0.465625 0.27421875 0.13046875 0.19921875
1 0.38046875 0.346875 0.11796875 0.19453125
1 0.26015625 0.42734375 0.13359375 0.32421875
1 0.74375 0.6953125 0.2546875 0.34140625
1 0.77578125 0.44453125 0.12421875 0.16015625
1 0.81171875 0.28515625 0.07578125 0.16640625
1 0.853125 0.1578125 0.0671875 0.11875