1 0.09296875 0.51796875 0.1 0.125
1 0.15078125 0.4046875 0.0875 0.1359375
1 0.20703125 0.32109375 0.0671875 0.1078125
1 0.26484375 0.290625 0.0484375 0.06953125
1 0.41875 0.296875 0.03984375 0.04765625
1 0.3921875 0.309375 0.0609375 0.096875
1 0.3875 0.4125 0.1 0.11875
1 0.36953125 0.50234375 0.0875 0.103125
1 0.5578125 0.2453125 0.0390625 0.08671875
1 0.5625 0.290625 0.0484375 0.06953125
1 0.59296875 0.3375 0.0546875 0.10625
1 0.63203125 0.43671875 0.096875 0.1234375
1 0.6921875 0.571875 0.1375 0.18984375
1 0.69296875 0.2515625 0.04765625 0.08671875
1 0.7203125 0.28515625 0.07265625 0.08046875
1 0.7828125 0.32890625 0.0875 0.1015625
1 0.8828125 0.43125 0.08125 0.08203125
1 0.93203125 0.5421875 0.1359375 0.17109375