1 0.10078125 0.5828125 0.13984375 0.19296875
1 0.15546875 0.44765625 0.0984375 0.1515625
1 0.22265625 0.3765625 0.0671875 0.1078125
1 0.27109375 0.33984375 0.0546875 0.07421875
1 0.425 0.34765625 0.0515625 0.06953125
1 0.39765625 0.3828125 0.05234375 0.08671875
1 0.3984375 0.4609375 0.08515625 0.09140625
1 0.3703125 0.571875 0.1 0.140625
1 0.565625 0.30625 0.05390625 0.07578125
1 0.565625 0.35859375 0.04140625 0.06953125
1 0.596875 0.39609375 0.0421875 0.1125
1 0.634375 0.50703125 0.1125 0.08515625
1 0.6796875 0.64453125 0.11796875 0.15625
1 0.69765625 0.30703125 0.0453125 0.06484375
1 0.71953125 0.34765625 0.0578125 0.06953125
1 0.77578125 0.39921875 0.07890625 0.10625
1 0.896875 0.515625 0.103125 0.1015625
1 0.9390625 0.60078125 0.121875 0.15625