1 0.0828125 0.5859375 0.13828125 0.15
1 0.15859375 0.45859375 0.06875 0.1328125
1 0.20625 0.3796875 0.053125 0.1296875
1 0.259375 0.34375 0.03671875 0.08515625
1 0.42421875 0.35078125 0.0515625 0.07265625
1 0.38984375 0.36484375 0.040625 0.06328125
1 0.553125 0.2953125 0.05234375 0.06953125
1 0.68046875 0.30703125 0.0515625 0.07734375
1 0.56171875 0.35546875 0.04765625 0.06015625
1 0.71796875 0.33828125 0.05 0.08984375
1 0.58828125 0.38359375 0.0546875 0.096875
1 0.778125 0.384375 0.053125 0.0953125
1 0.634375 0.48828125 0.078125 0.1125
1 0.884375 0.48046875 0.08515625 0.1
1 0.68671875 0.63125 0.09609375 0.1359375
1 0.925 0.609375 0.11171875 0.1515625
0 0.3921875 0.43828125 0.0625 0.1296875
0 0.3609375 0.553125 0.1 0.20234375