1 0.10859375 0.3875 0.11640625 0.21640625
1 0.23359375 0.309375 0.1046875 0.17734375
1 0.340625 0.26015625 0.05234375 0.10859375
1 0.45078125 0.26328125 0.05234375 0.13515625
1 0.6375 0.2921875 0.07890625 0.1390625
1 0.571875 0.31171875 0.0984375 0.1609375
1 0.50390625 0.3796875 0.09609375 0.2015625
1 0.37734375 0.425 0.10703125 0.30546875
1 0.81640625 0.71328125 0.2921875 0.42890625
1 0.89296875 0.51484375 0.1390625 0.2578125
1 0.95078125 0.396875 0.09296875 0.22890625
1 0.98125 0.27109375 0.0375 0.16953125