0 0.05625 0.475 0.09140625 0.221875
1 0.16328125 0.40859375 0.090625 0.19765625
1 0.27421875 0.35390625 0.075 0.15625
1 0.38203125 0.3453125 0.05234375 0.1515625
1 0.5796875 0.37421875 0.06953125 0.14375
1 0.51328125 0.4171875 0.09609375 0.17734375
1 0.44140625 0.51484375 0.1046875 0.21171875
0 0.29765625 0.496875 0.1109375 0.259375
1 0.89375 0.3234375 0.07265625 0.140625
1 0.85390625 0.44921875 0.0734375 0.1546875
1 0.81875 0.57578125 0.1265625 0.20703125
1 0.75859375 0.7796875 0.20390625 0.28359375