1 0.0671875 0.565625 0.1 0.18359375
1 0.1921875 0.59296875 0.11796875 0.18203125
1 0.36640625 0.6140625 0.09140625 0.246875
1 0.26171875 0.4921875 0.0390625 0.08046875
1 0.32109375 0.53125 0.05390625 0.1234375
1 0.43828125 0.5484375 0.04609375 0.16171875
1 0.45 0.47890625 0.0390625 0.096875
1 0.5203125 0.50078125 0.06953125 0.08515625
1 0.575 0.54609375 0.06953125 0.18828125
1 0.62421875 0.47265625 0.0546875 0.11875
1 0.7859375 0.58515625 0.07890625 0.23125
1 0.89921875 0.51171875 0.09140625 0.21484375