0 0.09296875 0.47578125 0.125 0.2359375
1 0.14921875 0.3890625 0.0921875 0.19140625
1 0.2 0.2984375 0.07578125 0.1375
1 0.2578125 0.24921875 0.059375 0.1125
1 0.38828125 0.2984375 0.0578125 0.096875
1 0.4125 0.25625 0.06953125 0.1140625
1 0.37734375 0.4078125 0.08828125 0.153125
1 0.3578125 0.5375 0.10703125 0.21796875
1 0.56328125 0.1953125 0.0640625 0.09375
1 0.55390625 0.25234375 0.0609375 0.1
1 0.59140625 0.3140625 0.078125 0.14375
1 0.6296875 0.39453125 0.09375 0.146875
1 0.69765625 0.55078125 0.15078125 0.246875
0 0.68671875 0.1859375 0.046875 0.08515625
1 0.7296875 0.24765625 0.065625 0.11875
1 0.80078125 0.2875 0.0859375 0.15
1 0.9078125 0.415625 0.121875 0.146875
1 0.91953125 0.56953125 0.1609375 0.240625