1 0.246875 0.4140625 0.11171875 0.20546875
1 0.121875 0.3203125 0.11171875 0.19921875
0 0.03828125 0.29296875 0.0671875 0.08046875
1 0.27734375 0.26640625 0.0515625 0.09140625
1 0.33515625 0.309375 0.05234375 0.1125
1 0.3953125 0.46875 0.11875 0.365625
1 0.4546875 0.3421875 0.07890625 0.17734375
1 0.525 0.2953125 0.06015625 0.11875
1 0.60859375 0.390625 0.08125 0.16640625
1 0.65078125 0.29453125 0.0390625 0.08671875
1 0.78828125 0.43359375 0.13984375 0.253125
1 0.9359375 0.3984375 0.12421875 0.21640625