1 0.1 0.58984375 0.12578125 0.1421875
1 0.17578125 0.48984375 0.0890625 0.128125
1 0.234375 0.40078125 0.07265625 0.121875
1 0.27265625 0.37109375 0.05234375 0.109375
1 0.4328125 0.36953125 0.06171875 0.09140625
1 0.41484375 0.41328125 0.06796875 0.0953125
1 0.40078125 0.4703125 0.0734375 0.1015625
1 0.375 0.5921875 0.10390625 0.15625
1 0.56796875 0.31953125 0.0375 0.06484375
1 0.5671875 0.3640625 0.034375 0.04921875
1 0.5875 0.40625 0.04921875 0.08984375
1 0.63828125 0.51953125 0.10078125 0.10625
1 0.68828125 0.6734375 0.11171875 0.19609375
1 0.70390625 0.31953125 0.0328125 0.05859375
1 0.721875 0.365625 0.04765625 0.08359375
1 0.78125 0.4234375 0.07109375 0.121875
1 0.91484375 0.5046875 0.0921875 0.1296875
1 0.9390625 0.6140625 0.10390625 0.21328125