1 0.0828125 0.63125 0.109375 0.16015625
1 0.1484375 0.49765625 0.08515625 0.128125
1 0.209375 0.42734375 0.046875 0.1296875
1 0.26875 0.37890625 0.04609375 0.09140625
1 0.41484375 0.38359375 0.04609375 0.06953125
1 0.3890625 0.4171875 0.06015625 0.08828125
1 0.38984375 0.5140625 0.06328125 0.1296875
1 0.35546875 0.61171875 0.10703125 0.18046875
1 0.55390625 0.34765625 0.03984375 0.06328125
1 0.68671875 0.34375 0.04375 0.07421875
1 0.5546875 0.39765625 0.03984375 0.06640625
1 0.578125 0.44296875 0.075 0.1078125
1 0.62734375 0.540625 0.0890625 0.11875
1 0.68828125 0.709375 0.10625 0.20546875
1 0.70859375 0.39453125 0.0859375 0.09140625
1 0.7640625 0.43515625 0.05625 0.1171875
1 0.88984375 0.52421875 0.07578125 0.128125
1 0.91484375 0.63671875 0.1 0.2234375