1 0.07578125 0.60078125 0.125 0.2359375
1 0.1421875 0.46640625 0.0921875 0.19140625
1 0.2015625 0.38203125 0.07578125 0.1375
1 0.253125 0.34453125 0.059375 0.1125
1 0.40390625 0.34609375 0.0578125 0.096875
1 0.37734375 0.375 0.06953125 0.1140625
1 0.37734375 0.4578125 0.08828125 0.153125
1 0.35390625 0.5859375 0.10703125 0.21796875
0 0.54375 0.29375 0.0640625 0.09375
1 0.546875 0.34609375 0.0609375 0.1
1 0.57890625 0.39609375 0.078125 0.14375
1 0.621875 0.49609375 0.09375 0.146875
1 0.67421875 0.6515625 0.15078125 0.246875
1 0.6921875 0.2953125 0.046875 0.08515625
1 0.7078125 0.3375 0.065625 0.11875
1 0.7625 0.38515625 0.0859375 0.15
1 0.8734375 0.48203125 0.121875 0.146875
1 0.91171875 0.6390625 0.1609375 0.240625