1 0.09375 0.6125 0.1265625 0.1390625
1 0.1625 0.4875 0.08359375 0.1328125
1 0.21875 0.425 0.07265625 0.1125
1 0.26875 0.37421875 0.05 0.08515625
1 0.41328125 0.39609375 0.0421875 0.06640625
1 0.39375 0.41328125 0.07734375 0.0984375
1 0.39140625 0.49140625 0.065625 0.115625
0 0.35390625 0.590625 0.0953125 0.18046875
1 0.55703125 0.35234375 0.046875 0.06953125
1 0.690625 0.35546875 0.04765625 0.07578125
1 0.55 0.3953125 0.04765625 0.06796875
1 0.58359375 0.4453125 0.06015625 0.10625
1 0.62578125 0.5359375 0.0796875 0.1125
1 0.68515625 0.69140625 0.1265625 0.17890625
1 0.9328125 0.67109375 0.1203125 0.16328125
1 0.9046875 0.53515625 0.0875 0.1140625
1 0.778125 0.45703125 0.0859375 0.0984375
1 0.71171875 0.4046875 0.06796875 0.06171875