1 0.07890625 0.5984375 0.12265625 0.1234375
1 0.1421875 0.46875 0.090625 0.125
1 0.2078125 0.38515625 0.05703125 0.096875
1 0.2578125 0.34921875 0.05390625 0.08203125
1 0.4171875 0.35 0.0515625 0.05859375
1 0.38046875 0.37109375 0.0515625 0.09140625
1 0.38671875 0.46328125 0.07578125 0.1015625
0 0.3578125 0.55234375 0.103125 0.17265625
1 0.54765625 0.284375 0.0328125 0.09140625
1 0.5609375 0.34140625 0.0421875 0.06484375
1 0.584375 0.365625 0.0515625 0.09296875
1 0.62578125 0.47109375 0.084375 0.10625
1 0.6796875 0.61171875 0.121875 0.140625
1 0.684375 0.28046875 0.0390625 0.06953125
1 0.7125 0.32578125 0.0515625 0.08671875
1 0.77734375 0.3609375 0.071875 0.1140625
1 0.88515625 0.47109375 0.10703125 0.10625
1 0.92734375 0.5875 0.14296875 0.15625