1 0.04453125 0.34375 0.08828125 0.253125
1 0.15703125 0.27109375 0.10078125 0.18359375
1 0.2703125 0.19296875 0.0671875 0.1015625
0 0.3921875 0.20703125 0.08515625 0.1078125
1 0.58125 0.24453125 0.0671875 0.13125
1 0.50625 0.26640625 0.125 0.17109375
1 0.41953125 0.35234375 0.115625 0.20546875
0 0.29609375 0.38984375 0.1359375 0.29140625
1 0.7375 0.6953125 0.26484375 0.384375
1 0.8015625 0.45546875 0.14921875 0.21640625
1 0.86953125 0.3359375 0.09140625 0.18359375
1 0.9109375 0.23046875 0.05234375 0.18984375