0 0.05 0.384375 0.1 0.265625
1 0.2796875 0.41328125 0.11640625 0.31484375
1 0.13671875 0.27578125 0.09296875 0.2265625
1 0.24453125 0.25234375 0.04921875 0.17734375
1 0.37265625 0.2234375 0.0578125 0.1484375
1 0.553125 0.23671875 0.06796875 0.17421875
1 0.4828125 0.2609375 0.08828125 0.18203125
1 0.4109375 0.3515625 0.10078125 0.2375
1 0.88359375 0.17421875 0.07734375 0.16328125
1 0.82734375 0.29453125 0.0734375 0.16640625
1 0.81953125 0.4484375 0.1875 0.21171875
1 0.771875 0.6640625 0.23125 0.3625