1 0.1328125 0.51171875 0.10078125 0.2265625
1 0.2609375 0.4609375 0.0828125 0.16796875
1 0.36796875 0.40390625 0.0609375 0.11875
0 0.478125 0.4140625 0.06171875 0.11875
0 0.66484375 0.46640625 0.08125 0.1453125
1 0.58046875 0.47890625 0.08515625 0.16171875
1 0.49453125 0.54921875 0.11171875 0.19453125
1 0.3796875 0.603125 0.10078125 0.30234375
1 0.7953125 0.87265625 0.2453125 0.2484375
1 0.9015625 0.70390625 0.13046875 0.17890625
1 0.9453125 0.5546875 0.0609375 0.11875
1 0.9859375 0.45625 0.028125 0.096875