0 0.0578125 0.453125 0.11484375 0.31171875
1 0.1515625 0.38125 0.14375 0.28359375
1 0.27734375 0.34765625 0.134375 0.2234375
1 0.38671875 0.3265625 0.12734375 0.21796875
1 0.57265625 0.33125 0.13359375 0.2328125
1 0.4953125 0.34609375 0.13515625 0.2390625
1 0.42734375 0.46796875 0.1546875 0.31171875
0 0.234375 0.53046875 0.171875 0.371875
1 0.7234375 0.7625 0.3234375 0.2625
1 0.8125 0.54453125 0.1890625 0.31796875
1 0.853125 0.41015625 0.11953125 0.275
1 0.89921875 0.3078125 0.06328125 0.2796875