1 0.06796875 0.578125 0.11796875 0.2546875
1 0.12265625 0.45 0.09453125 0.16796875
1 0.1859375 0.3703125 0.0703125 0.1359375
1 0.24375 0.32890625 0.0671875 0.1046875
1 0.3953125 0.32890625 0.06171875 0.08984375
1 0.37109375 0.35703125 0.06484375 0.115625
1 0.37265625 0.44609375 0.08671875 0.1421875
0 0.3234375 0.540625 0.125 0.2359375
1 0.534375 0.26640625 0.05 0.09140625
1 0.540625 0.325 0.0546875 0.08828125
1 0.571875 0.36953125 0.06796875 0.1125
1 0.6078125 0.48046875 0.1046875 0.134375
1 0.665625 0.61171875 0.1421875 0.2234375
1 0.671875 0.2703125 0.05390625 0.09296875
1 0.696875 0.3171875 0.06484375 0.109375
1 0.753125 0.36328125 0.08671875 0.125
1 0.85859375 0.46171875 0.12265625 0.1265625
1 0.90546875 0.60078125 0.1484375 0.2703125