1 0.07890625 0.57734375 0.1125 0.1484375
1 0.1421875 0.440625 0.078125 0.134375
1 0.2 0.3609375 0.06484375 0.1109375
1 0.25078125 0.31484375 0.06796875 0.0953125
1 0.40234375 0.32265625 0.04765625 0.06171875
1 0.38125 0.35 0.06171875 0.1078125
1 0.38125 0.43984375 0.07734375 0.08984375
1 0.3609375 0.5421875 0.0921875 0.1375
1 0.54765625 0.2625 0.046875 0.06171875
1 0.5515625 0.328125 0.03828125 0.06953125
1 0.57890625 0.3671875 0.0640625 0.08359375
1 0.61953125 0.46640625 0.08046875 0.1171875
1 0.690625 0.62109375 0.096875 0.18984375
1 0.684375 0.278125 0.034375 0.05546875
1 0.71171875 0.30703125 0.04921875 0.1015625
1 0.775 0.3609375 0.06796875 0.1234375
1 0.8703125 0.4578125 0.0921875 0.09375
1 0.9234375 0.56640625 0.109375 0.253125