1 0.09296875 0.40703125 0.13125 0.2265625
1 0.22109375 0.33828125 0.0953125 0.190625
1 0.32890625 0.28671875 0.075 0.10859375
1 0.434375 0.26875 0.0734375 0.1328125
1 0.61640625 0.30703125 0.07890625 0.1296875
1 0.55625 0.33046875 0.08984375 0.153125
1 0.48828125 0.39140625 0.08125 0.21640625
1 0.36953125 0.44609375 0.0984375 0.3046875
1 0.78203125 0.74609375 0.2171875 0.453125
1 0.86484375 0.54140625 0.1203125 0.27890625
1 0.925 0.43046875 0.0984375 0.23203125
1 0.9640625 0.33359375 0.071875 0.13828125