0 0.078125 0.61171875 0.1234375 0.18046875
1 0.14765625 0.49375 0.084375 0.1421875
1 0.215625 0.4328125 0.06171875 0.109375
1 0.26953125 0.39375 0.04921875 0.09296875
1 0.42421875 0.403125 0.04921875 0.07421875
1 0.39453125 0.42578125 0.06484375 0.09296875
1 0.38671875 0.50234375 0.06875 0.096875
0 0.3625 0.596875 0.0984375 0.19765625
1 0.55546875 0.3578125 0.0515625 0.07734375
1 0.69296875 0.36328125 0.04453125 0.07578125
1 0.5609375 0.409375 0.04453125 0.08515625
1 0.7125 0.41171875 0.053125 0.08984375
1 0.5890625 0.4515625 0.0390625 0.09140625
1 0.77109375 0.4609375 0.07265625 0.10625
1 0.6328125 0.55625 0.078125 0.128125
1 0.89609375 0.553125 0.07578125 0.128125
1 0.69609375 0.70625 0.1078125 0.134375
1 0.91875 0.68515625 0.115625 0.20390625