1 0.06875 0.6203125 0.13125 0.17890625
1 0.125 0.47890625 0.096875 0.1125
1 0.190625 0.39921875 0.06328125 0.1125
1 0.2453125 0.3578125 0.06328125 0.07421875
1 0.4015625 0.35546875 0.0484375 0.06953125
1 0.37734375 0.3828125 0.07265625 0.08046875
1 0.3796875 0.46328125 0.08125 0.1015625
0 0.3546875 0.5578125 0.0875 0.140625
1 0.53671875 0.29296875 0.0515625 0.06484375
1 0.54296875 0.35 0.0515625 0.08046875
1 0.56875 0.40625 0.0546875 0.109375
1 0.6125 0.484375 0.10625 0.1015625
1 0.6828125 0.6125 0.13046875 0.19453125
1 0.66640625 0.31796875 0.0421875 0.04921875
1 0.69765625 0.334375 0.0453125 0.09140625
1 0.76015625 0.3765625 0.0671875 0.08046875
1 0.85625 0.47421875 0.1 0.1125
1 0.92734375 0.58515625 0.115625 0.17265625