1 0.08515625 0.64140625 0.12421875 0.16171875
1 0.146875 0.4953125 0.08828125 0.1078125
1 0.21328125 0.425 0.05703125 0.10625
1 0.26171875 0.4015625 0.0515625 0.05859375
1 0.41328125 0.403125 0.04609375 0.06484375
1 0.3890625 0.42265625 0.0578125 0.08046875
1 0.3953125 0.50078125 0.06328125 0.11875
1 0.35625 0.59453125 0.1 0.146875
1 0.553125 0.35703125 0.04609375 0.06015625
1 0.55703125 0.40859375 0.0390625 0.06484375
1 0.590625 0.4390625 0.0453125 0.09140625
1 0.621875 0.53828125 0.10859375 0.08671875
1 0.68203125 0.68125 0.109375 0.1125
1 0.68984375 0.35546875 0.0453125 0.05390625
1 0.71015625 0.40078125 0.0484375 0.09140625
1 0.7640625 0.4296875 0.0546875 0.096875
1 0.878125 0.53828125 0.1125 0.0953125
1 0.92109375 0.6359375 0.1359375 0.17265625