1 0.0890625 0.52578125 0.1484375 0.13125
1 0.146875 0.3984375 0.0765625 0.1359375
1 0.21796875 0.31484375 0.07265625 0.0953125
1 0.26640625 0.284375 0.0484375 0.06015625
1 0.41875 0.30625 0.05390625 0.06953125
1 0.396875 0.32265625 0.0546875 0.09296875
1 0.4015625 0.39296875 0.06953125 0.09140625
1 0.36484375 0.50859375 0.1 0.11875
1 0.55625 0.246875 0.0453125 0.08046875
1 0.56015625 0.2984375 0.0328125 0.04140625
1 0.590625 0.3421875 0.0453125 0.10625
1 0.63828125 0.4578125 0.0875 0.1125
1 0.69453125 0.5796875 0.12734375 0.128125
1 0.70390625 0.25234375 0.02421875 0.06953125
1 0.725 0.29609375 0.07265625 0.05859375
1 0.790625 0.33671875 0.06328125 0.08671875
1 0.8859375 0.45546875 0.08515625 0.0953125
1 0.9359375 0.565625 0.11875 0.19921875