0 0.04921875 0.39296875 0.0984375 0.31328125
1 0.153125 0.33046875 0.14375 0.28359375
1 0.26953125 0.27421875 0.134375 0.2234375
1 0.3859375 0.23828125 0.12734375 0.21796875
1 0.58046875 0.2875 0.13359375 0.2328125
1 0.49140625 0.30625 0.13515625 0.2390625
1 0.409375 0.3703125 0.1546875 0.31171875
0 0.2921875 0.434375 0.171875 0.371875
1 0.72578125 0.67109375 0.3234375 0.2625
1 0.7875 0.4828125 0.1890625 0.31796875
1 0.86015625 0.33203125 0.11953125 0.275
1 0.903125 0.23828125 0.06328125 0.2796875