0 0.0453125 0.5125 0.090625 0.21640625
1 0.16640625 0.440625 0.109375 0.18359375
1 0.27734375 0.36484375 0.0703125 0.11875
1 0.42109375 0.37109375 0.0671875 0.096875
1 0.57265625 0.4015625 0.0828125 0.1359375
1 0.51015625 0.425 0.0859375 0.18359375
1 0.43125 0.49765625 0.103125 0.19921875
0 0.33125 0.55234375 0.07890625 0.28671875
1 0.73359375 0.8359375 0.2828125 0.31328125
1 0.8171875 0.6296875 0.1578125 0.259375
1 0.86875 0.51171875 0.09140625 0.2359375
1 0.9015625 0.4109375 0.07265625 0.16796875