1 0.11171875 0.5046875 0.109375 0.20703125
1 0.23671875 0.45078125 0.09140625 0.17265625
1 0.353125 0.4234375 0.0765625 0.128125
0 0.44453125 0.409375 0.06953125 0.125
1 0.6453125 0.4609375 0.06328125 0.16171875
1 0.571875 0.48828125 0.10625 0.16171875
1 0.475 0.5609375 0.10625 0.21171875
0 0.35859375 0.58359375 0.115625 0.29609375
1 0.78359375 0.8796875 0.1640625 0.221875
1 0.88359375 0.72578125 0.115625 0.2265625
1 0.92109375 0.56328125 0.07578125 0.17265625
1 0.971875 0.47421875 0.0546875 0.15625