1 0.09765625 0.58203125 0.1484375 0.1515625
1 0.15546875 0.47109375 0.0875 0.134375
1 0.225 0.39296875 0.06328125 0.11875
1 0.27890625 0.346875 0.0484375 0.08046875
1 0.42109375 0.36796875 0.04765625 0.09140625
1 0.396875 0.390625 0.04921875 0.09296875
1 0.3921875 0.4765625 0.08125 0.1015625
1 0.37265625 0.57890625 0.09140625 0.1234375
1 0.5578125 0.31171875 0.04375 0.07734375
1 0.565625 0.36875 0.0390625 0.08046875
1 0.59453125 0.41328125 0.0484375 0.1078125
1 0.63359375 0.51953125 0.109375 0.125
1 0.69453125 0.653125 0.1578125 0.1515625
1 0.69609375 0.3140625 0.03984375 0.04765625
1 0.7171875 0.36015625 0.0703125 0.08515625
1 0.7875 0.4015625 0.07578125 0.1140625
1 0.87421875 0.50625 0.10234375 0.1078125
1 0.93359375 0.61875 0.1328125 0.19375