1 0.10078125 0.50625 0.125 0.221875
1 0.21640625 0.4234375 0.0890625 0.18046875
1 0.32421875 0.3640625 0.06328125 0.1171875
1 0.43046875 0.35 0.05546875 0.1296875
1 0.63203125 0.3828125 0.06796875 0.15703125
1 0.54453125 0.4109375 0.0953125 0.17109375
1 0.47734375 0.48984375 0.11640625 0.2234375
0 0.340625 0.53359375 0.1234375 0.30546875
1 0.95390625 0.35703125 0.071875 0.16484375
1 0.91015625 0.47109375 0.10859375 0.17734375
1 0.8578125 0.5703125 0.16640625 0.21171875
1 0.7953125 0.78046875 0.2453125 0.29140625