0 0.08125 0.31015625 0.09453125 0.26875
1 0.19296875 0.228125 0.1 0.20390625
1 0.30546875 0.17421875 0.0640625 0.08671875
0 0.41171875 0.17109375 0.0703125 0.1015625
1 0.615625 0.22265625 0.10078125 0.18359375
1 0.5421875 0.22578125 0.08828125 0.17734375
1 0.47421875 0.2953125 0.11015625 0.18984375
0 0.334375 0.365625 0.13359375 0.30859375
1 0.78046875 0.67109375 0.29765625 0.3890625
1 0.84296875 0.4203125 0.12421875 0.2640625
1 0.9 0.25 0.0421875 0.1296875
1 0.93515625 0.1578125 0.0453125 0.08515625