1 0.084375 0.6421875 0.12421875 0.16640625
1 0.1421875 0.5125 0.10625 0.1234375
1 0.2046875 0.43359375 0.0671875 0.08671875
1 0.259375 0.39296875 0.06015625 0.09140625
1 0.4125 0.40625 0.0578125 0.06484375
1 0.38515625 0.42578125 0.05703125 0.08046875
1 0.39609375 0.528125 0.078125 0.1234375
0 0.34609375 0.57109375 0.11171875 0.18828125
1 0.54765625 0.34609375 0.03046875 0.07578125
1 0.55546875 0.40390625 0.0515625 0.06953125
1 0.590625 0.44765625 0.0484375 0.09296875
1 0.6296875 0.5390625 0.09140625 0.1125
1 0.69375 0.684375 0.13359375 0.125
0 0.68046875 0.346875 0.0390625 0.06484375
1 0.70390625 0.39375 0.05703125 0.08046875
1 0.77109375 0.44140625 0.0765625 0.1015625
1 0.87734375 0.54140625 0.11171875 0.1078125
1 0.93203125 0.671875 0.1359375 0.18359375