1 0.0984375 0.52109375 0.1140625 0.21171875
0 0.3796875 0.56171875 0.0953125 0.32109375
1 0.22265625 0.44296875 0.09296875 0.17890625
1 0.49375 0.5015625 0.0953125 0.225
1 0.3421875 0.38046875 0.05 0.128125
1 0.43359375 0.3859375 0.05625 0.1015625
1 0.57109375 0.4328125 0.07734375 0.16484375
1 0.6546875 0.42578125 0.06796875 0.1234375
1 0.97421875 0.378125 0.05 0.1359375
1 0.934375 0.48984375 0.08046875 0.16484375
1 0.91484375 0.64609375 0.15 0.21171875
1 0.853125 0.82578125 0.2390625 0.29296875