1 0.07734375 0.58359375 0.1140625 0.21015625
1 0.14375 0.46875 0.084375 0.14375
1 0.19765625 0.38359375 0.0625 0.121875
1 0.25625 0.33203125 0.06015625 0.08046875
1 0.41015625 0.3453125 0.04453125 0.06484375
1 0.37734375 0.375 0.053125 0.08359375
1 0.37890625 0.45703125 0.071875 0.0953125
1 0.36640625 0.55859375 0.08671875 0.16640625
1 0.55 0.28125 0.04453125 0.07109375
1 0.54609375 0.33359375 0.0359375 0.07421875
1 0.57890625 0.38359375 0.0515625 0.11875
1 0.6140625 0.4671875 0.06953125 0.125
1 0.6921875 0.615625 0.10390625 0.228125
1 0.68203125 0.29609375 0.02421875 0.06484375
1 0.71015625 0.3265625 0.040625 0.1
1 0.77421875 0.3765625 0.06171875 0.1265625
1 0.8765625 0.46796875 0.0828125 0.1171875
1 0.9328125 0.584375 0.1140625 0.2453125