1 0.0953125 0.49296875 0.11015625 0.21796875
1 0.23125 0.40390625 0.084375 0.19609375
1 0.3375 0.35625 0.0765625 0.1234375
0 0.44375 0.328125 0.0609375 0.121875
0 0.6375 0.38828125 0.07109375 0.17734375
0 0.35390625 0.54296875 0.1171875 0.31484375
1 0.4859375 0.50546875 0.115625 0.2796875
1 0.559375 0.41171875 0.08046875 0.18515625
1 0.9640625 0.359375 0.071875 0.16015625
1 0.92109375 0.484375 0.09921875 0.17265625
1 0.87421875 0.58515625 0.18515625 0.24375
1 0.8015625 0.79296875 0.24765625 0.33046875