1 0.109375 0.54921875 0.1109375 0.1515625
1 0.165625 0.421875 0.07578125 0.146875
1 0.225 0.3421875 0.05234375 0.1125
1 0.28125 0.3015625 0.04140625 0.09375
1 0.4296875 0.31875 0.0296875 0.07890625
1 0.396875 0.334375 0.05625 0.08828125
1 0.40078125 0.4171875 0.0625 0.1125
1 0.378125 0.5109375 0.090625 0.16015625
1 0.57265625 0.24765625 0.0421875 0.07265625
1 0.57578125 0.30859375 0.03828125 0.07734375
1 0.596875 0.35703125 0.0484375 0.10625
1 0.63984375 0.44765625 0.0625 0.1328125
1 0.7 0.59609375 0.1109375 0.21171875
1 0.7046875 0.25625 0.03828125 0.08671875
1 0.73359375 0.2953125 0.0421875 0.08828125
1 0.8 0.35 0.06875 0.1171875
1 0.915625 0.453125 0.078125 0.109375
1 0.95703125 0.565625 0.0859375 0.259375