1 0.06171875 0.428125 0.1234375 0.221875
1 0.19609375 0.35859375 0.09921875 0.17578125
1 0.3015625 0.2953125 0.05625 0.109375
1 0.4125 0.29921875 0.0640625 0.109375
1 0.5984375 0.35078125 0.075 0.1390625
1 0.53125 0.36953125 0.0875 0.1546875
1 0.46796875 0.41796875 0.08046875 0.2109375
1 0.36640625 0.4640625 0.128125 0.30390625
1 0.771875 0.78515625 0.27734375 0.4296875
1 0.8515625 0.58984375 0.12421875 0.2375
1 0.89765625 0.46953125 0.09609375 0.18984375
0 0.8984375 0.35390625 0.05234375 0.10390625
1 0.95546875 0.38515625 0.07734375 0.15625