1 0.08828125 0.51484375 0.109375 0.146875
1 0.15859375 0.40625 0.09140625 0.1125
1 0.2171875 0.325 0.0515625 0.09140625
1 0.2703125 0.3140625 0.0421875 0.06953125
1 0.42421875 0.31171875 0.0453125 0.05234375
1 0.39765625 0.33125 0.0421875 0.06953125
1 0.403125 0.4109375 0.06953125 0.103125
0 0.334375 0.50078125 0.0984375 0.18359375
0 0.5625 0.27421875 0.04375 0.07578125
1 0.56875 0.31953125 0.02421875 0.05859375
1 0.59453125 0.37109375 0.03359375 0.096875
1 0.63046875 0.465625 0.07578125 0.103125
1 0.684375 0.6078125 0.109375 0.1296875
1 0.69765625 0.27734375 0.0578125 0.06953125
1 0.7234375 0.3171875 0.0484375 0.07578125
1 0.79140625 0.3796875 0.05703125 0.1015625
1 0.8890625 0.48125 0.1 0.07109375
1 0.9328125 0.58203125 0.12734375 0.16015625