1 0.096875 0.54921875 0.115625 0.16640625
1 0.1609375 0.409375 0.090625 0.134375
1 0.22265625 0.32890625 0.06328125 0.1015625
1 0.2671875 0.309375 0.0546875 0.05390625
1 0.4203125 0.31953125 0.0640625 0.07421875
1 0.39765625 0.33125 0.07265625 0.07578125
1 0.4109375 0.421875 0.0875 0.11875
1 0.3734375 0.49296875 0.096875 0.140625
1 0.5703125 0.2578125 0.0609375 0.1015625
1 0.56328125 0.309375 0.0453125 0.06328125
1 0.59296875 0.35234375 0.0578125 0.10625
1 0.6359375 0.453125 0.09375 0.1125
1 0.6859375 0.59765625 0.121875 0.134375
1 0.7 0.2609375 0.0515625 0.06484375
1 0.72421875 0.309375 0.05234375 0.08515625
1 0.79375 0.3578125 0.07578125 0.08671875
1 0.9 0.46328125 0.09375 0.09296875
1 0.94609375 0.56875 0.10703125 0.140625