0 0.10546875 0.54375 0.11015625 0.17734375
1 0.16328125 0.45 0.08515625 0.140625
1 0.228125 0.3796875 0.05234375 0.1171875
1 0.271875 0.34375 0.0546875 0.07109375
1 0.42109375 0.346875 0.06015625 0.06484375
1 0.3953125 0.37421875 0.0578125 0.05390625
1 0.41171875 0.45 0.0671875 0.11875
1 0.3921875 0.5546875 0.10625 0.15625
1 0.5625 0.29296875 0.03984375 0.04296875
1 0.5640625 0.34453125 0.0484375 0.06953125
1 0.59140625 0.39375 0.0609375 0.1015625
1 0.63828125 0.48203125 0.0828125 0.140625
1 0.71171875 0.625 0.11171875 0.1453125
1 0.69765625 0.2921875 0.03671875 0.07578125
1 0.72265625 0.33984375 0.0671875 0.08046875
1 0.80390625 0.39375 0.07890625 0.1015625
1 0.8921875 0.4734375 0.096875 0.1015625
1 0.9359375 0.57734375 0.12421875 0.1453125