1 0.0578125 0.45625 0.115625 0.2109375
1 0.1609375 0.49921875 0.125 0.165625
1 0.246875 0.384375 0.07734375 0.09921875
1 0.31328125 0.40390625 0.04921875 0.07734375
1 0.35859375 0.53046875 0.10390625 0.28828125
1 0.428125 0.42734375 0.08125 0.17421875
1 0.5078125 0.378125 0.06015625 0.1078125
1 0.59375 0.46875 0.08984375 0.1859375
1 0.63359375 0.37265625 0.02890625 0.06875
1 0.78359375 0.40625 0.0578125 0.08359375
1 0.80703125 0.509375 0.13359375 0.215625
1 0.9328125 0.453125 0.13046875 0.21640625