1 0.128125 0.4328125 0.19375 0.346875
1 0.24921875 0.3609375 0.14375 0.28359375
1 0.38359375 0.34609375 0.134375 0.2234375
1 0.47421875 0.35546875 0.12734375 0.21796875
1 0.66953125 0.39140625 0.13359375 0.2328125
1 0.58828125 0.38671875 0.13515625 0.2390625
1 0.5015625 0.4890625 0.1546875 0.31171875
1 0.3859375 0.51171875 0.171875 0.371875
1 0.80546875 0.86875 0.3234375 0.2625
1 0.90546875 0.80234375 0.1890625 0.31796875
1 0.93984375 0.6375 0.11953125 0.275
1 0.96796875 0.54375 0.06328125 0.2796875