1 0.1 0.58671875 0.10703125 0.15703125
1 0.16484375 0.4703125 0.08359375 0.1296875
1 0.22421875 0.39140625 0.0484375 0.10625
1 0.2796875 0.3453125 0.05 0.06796875
1 0.4234375 0.3578125 0.05546875 0.05546875
1 0.39609375 0.384375 0.05546875 0.08046875
1 0.3984375 0.46015625 0.0640625 0.1046875
1 0.37265625 0.55625 0.0765625 0.17109375
1 0.5609375 0.29609375 0.04140625 0.06484375
1 0.6984375 0.30625 0.0546875 0.05703125
1 0.56328125 0.34921875 0.04765625 0.06953125
1 0.7171875 0.33984375 0.065625 0.07421875
1 0.59375 0.39609375 0.0609375 0.1
1 0.78671875 0.390625 0.08671875 0.0984375
1 0.6328125 0.48359375 0.0953125 0.1375
1 0.89375 0.48671875 0.109375 0.10625
1 0.69765625 0.65390625 0.125 0.19921875
1 0.9375 0.61015625 0.125 0.2203125