1 0.08515625 0.5953125 0.15 0.1453125
1 0.15546875 0.45859375 0.07734375 0.15703125
1 0.20859375 0.38359375 0.05234375 0.11875
1 0.26484375 0.36484375 0.059375 0.09375
1 0.415625 0.35390625 0.03671875 0.06953125
1 0.39375 0.4 0.0515625 0.0984375
1 0.37734375 0.46796875 0.065625 0.0984375
1 0.36171875 0.58125 0.075 0.134375
1 0.55234375 0.31171875 0.034375 0.06796875
1 0.55703125 0.36796875 0.03828125 0.07890625
1 0.58515625 0.41015625 0.04140625 0.1015625
1 0.6203125 0.5125 0.07578125 0.1171875
1 0.68984375 0.67109375 0.1296875 0.20703125
1 0.68828125 0.32109375 0.03359375 0.0984375
1 0.7125 0.35390625 0.0390625 0.07890625
1 0.7734375 0.40859375 0.06796875 0.1234375
1 0.88515625 0.52265625 0.10703125 0.103125
1 0.92265625 0.64609375 0.1328125 0.2234375