0 0.09375 0.57578125 0.121875 0.19453125
1 0.37265625 0.57421875 0.12265625 0.1421875
1 0.15625 0.4609375 0.10390625 0.128125
1 0.39375 0.4515625 0.07890625 0.109375
1 0.2140625 0.3859375 0.06796875 0.0984375
1 0.396875 0.3734375 0.06171875 0.09296875
1 0.26953125 0.34375 0.06328125 0.07265625
1 0.4171875 0.328125 0.0515625 0.06640625
1 0.55546875 0.28125 0.04921875 0.06484375
1 0.69296875 0.2828125 0.0390625 0.08515625
1 0.57109375 0.33203125 0.0515625 0.07109375
1 0.7234375 0.31953125 0.0484375 0.0984375
1 0.584375 0.39765625 0.05390625 0.103125
1 0.78671875 0.3765625 0.065625 0.1109375
1 0.6328125 0.48515625 0.07109375 0.140625
1 0.89140625 0.45703125 0.090625 0.1171875
1 0.68828125 0.6296875 0.1078125 0.17890625
1 0.93828125 0.5984375 0.11875 0.225