1 0.0890625 0.49609375 0.11484375 0.20859375
1 0.22578125 0.4171875 0.07890625 0.18359375
1 0.3265625 0.365625 0.05 0.1328125
1 0.4328125 0.3453125 0.0609375 0.1359375
1 0.5515625 0.41484375 0.0734375 0.17890625
1 0.475 0.4875 0.109375 0.21640625
1 0.3578125 0.55078125 0.1296875 0.31484375
1 0.96015625 0.35703125 0.0765625 0.15859375
1 0.92109375 0.4875 0.10234375 0.16328125
1 0.87578125 0.58671875 0.1359375 0.20078125
1 0.803125 0.784375 0.21953125 0.31328125
0 0.6421875 0.390625 0.06328125 0.1515625