1 0.0890625 0.5125 0.13984375 0.15703125
1 0.15859375 0.4015625 0.0984375 0.1296875
1 0.221875 0.33125 0.07265625 0.10625
1 0.26640625 0.290625 0.0515625 0.06953125
1 0.42890625 0.30625 0.0484375 0.06015625
1 0.4 0.32578125 0.0515625 0.08671875
1 0.4046875 0.40390625 0.07265625 0.1125
1 0.38125 0.51953125 0.11171875 0.16171875
1 0.559375 0.2390625 0.0421875 0.06484375
1 0.565625 0.2875 0.04765625 0.06328125
1 0.59296875 0.346875 0.0609375 0.0953125
1 0.6375 0.45 0.09375 0.096875
1 0.70546875 0.59375 0.12734375 0.134375
1 0.70234375 0.2578125 0.0484375 0.07109375
1 0.728125 0.30390625 0.0515625 0.0953125
1 0.80703125 0.36015625 0.0703125 0.103125
1 0.90078125 0.4421875 0.09375 0.125
1 0.9421875 0.54921875 0.115625 0.17890625