1 0.11640625 0.53671875 0.128125 0.1546875
1 0.371875 0.53203125 0.10078125 0.1453125
1 0.16953125 0.4328125 0.096875 0.13125
1 0.2296875 0.3453125 0.06015625 0.0984375
1 0.27890625 0.31171875 0.0390625 0.08359375
1 0.42578125 0.32265625 0.0515625 0.06171875
1 0.40546875 0.35 0.04921875 0.08671875
1 0.4 0.421875 0.07578125 0.096875
1 0.56640625 0.271875 0.0390625 0.07109375
1 0.709375 0.275 0.03984375 0.08046875
1 0.56875 0.3203125 0.046875 0.06953125
1 0.5984375 0.37578125 0.06015625 0.125
1 0.634375 0.465625 0.0703125 0.128125
1 0.7875 0.3765625 0.0828125 0.1171875
1 0.89765625 0.46484375 0.10390625 0.1078125
1 0.69609375 0.6171875 0.13203125 0.19140625
1 0.93671875 0.59375 0.115625 0.2203125
1 0.72890625 0.31953125 0.0640625 0.0859375