1 0.053125 0.40859375 0.10625 0.23125
1 0.18203125 0.34921875 0.103125 0.19921875
1 0.28984375 0.28515625 0.0875 0.1015625
1 0.4265625 0.2875 0.0640625 0.11875
1 0.58125 0.3390625 0.08125 0.134375
1 0.5171875 0.35234375 0.08828125 0.18359375
1 0.44921875 0.41953125 0.103125 0.21015625
1 0.309375 0.46875 0.134375 0.2640625
1 0.746875 0.79765625 0.2734375 0.3953125
1 0.83515625 0.59296875 0.13359375 0.28671875
1 0.88515625 0.44140625 0.08828125 0.221875
1 0.92890625 0.3234375 0.06015625 0.19921875