1 0.09609375 0.6234375 0.115625 0.1296875
1 0.153125 0.496875 0.0765625 0.1140625
1 0.21953125 0.4203125 0.0578125 0.1125
1 0.26796875 0.38046875 0.04609375 0.07578125
1 0.41640625 0.40703125 0.03984375 0.06484375
1 0.3921875 0.4203125 0.05234375 0.08203125
1 0.38828125 0.49609375 0.07265625 0.103125
1 0.35 0.59140625 0.09375 0.19453125
1 0.55546875 0.35625 0.071875 0.05859375
1 0.5609375 0.40234375 0.0359375 0.07578125
1 0.58984375 0.4453125 0.0515625 0.10625
1 0.63046875 0.5421875 0.09140625 0.096875
1 0.68671875 0.69609375 0.10703125 0.15703125
1 0.6859375 0.353125 0.0484375 0.07421875
1 0.71171875 0.4046875 0.04609375 0.07109375
1 0.778125 0.44765625 0.07578125 0.1015625
1 0.8859375 0.5390625 0.0921875 0.08203125
1 0.93203125 0.65859375 0.12734375 0.15703125