0 0.07109375 0.32734375 0.1015625 0.21875
0 0.33515625 0.378125 0.11171875 0.29609375
1 0.20546875 0.2578125 0.0890625 0.23125
1 0.46015625 0.33046875 0.0890625 0.225
1 0.30546875 0.190625 0.06171875 0.121875
0 0.403125 0.19921875 0.06796875 0.1359375
1 0.5234375 0.23671875 0.05703125 0.16796875
1 0.6078125 0.22734375 0.059375 0.153125
1 0.94140625 0.19609375 0.06328125 0.15703125
1 0.89140625 0.3046875 0.09296875 0.17109375
1 0.8609375 0.434375 0.13828125 0.20859375
1 0.7984375 0.64765625 0.30625 0.32890625