1 0.0859375 0.61328125 0.11640625 0.14375
1 0.15546875 0.46640625 0.0765625 0.1484375
1 0.209375 0.39140625 0.059375 0.103125
1 0.26484375 0.359375 0.05546875 0.0984375
1 0.4125 0.3625 0.046875 0.06171875
1 0.3890625 0.39609375 0.06796875 0.09375
1 0.38828125 0.46328125 0.05234375 0.0953125
0 0.3703125 0.56875 0.08515625 0.15625
1 0.55390625 0.30703125 0.03984375 0.07734375
1 0.6859375 0.30859375 0.040625 0.06171875
1 0.553125 0.3578125 0.0421875 0.07109375
1 0.58125 0.4125 0.06484375 0.115625
1 0.61953125 0.50078125 0.09140625 0.13125
1 0.678125 0.65 0.11015625 0.240625
1 0.70703125 0.35859375 0.05625 0.07578125
1 0.76875 0.4125 0.08046875 0.10625
1 0.8734375 0.5015625 0.10078125 0.0984375
1 0.9125 0.63515625 0.1328125 0.21796875