1 0.0890625 0.56640625 0.09140625 0.1390625
1 0.1453125 0.4640625 0.08828125 0.140625
1 0.21484375 0.3875 0.04609375 0.08671875
1 0.26953125 0.3578125 0.04609375 0.07109375
1 0.415625 0.36640625 0.0390625 0.07578125
1 0.39140625 0.38828125 0.04609375 0.07578125
1 0.38125 0.46875 0.07265625 0.1171875
1 0.36640625 0.571875 0.0828125 0.109375
1 0.56015625 0.3234375 0.0484375 0.06328125
1 0.55078125 0.37734375 0.0546875 0.07578125
1 0.58515625 0.4046875 0.0515625 0.0953125
1 0.63203125 0.52265625 0.103125 0.11875
1 0.675 0.6734375 0.115625 0.16171875
1 0.690625 0.334375 0.0546875 0.07578125
1 0.71484375 0.371875 0.0421875 0.07421875
1 0.775 0.41484375 0.07265625 0.08671875
1 0.87734375 0.50703125 0.0828125 0.10625
1 0.93203125 0.628125 0.1359375 0.18828125