1 0.07265625 0.46171875 0.0578125 0.1078125
1 0.1390625 0.5046875 0.0765625 0.17265625
1 0.25859375 0.5375 0.08515625 0.2484375
1 0.315625 0.42890625 0.0390625 0.07421875
1 0.3609375 0.45390625 0.0515625 0.08046875
0 0.4046875 0.575 0.109375 0.34375
1 0.4703125 0.4203125 0.0328125 0.09140625
1 0.49140625 0.4859375 0.03984375 0.1359375
1 0.52890625 0.41171875 0.0421875 0.1078125
0 0.6453125 0.409375 0.0609375 0.06953125
1 0.628125 0.5125 0.11171875 0.15703125
1 0.83125 0.53125 0.13046875 0.2359375
1 0.9484375 0.5046875 0.090625 0.225