1 0.08671875 0.60703125 0.1421875 0.11875
1 0.15859375 0.46484375 0.09140625 0.1234375
1 0.2140625 0.38046875 0.0640625 0.10625
1 0.2671875 0.3453125 0.0609375 0.09296875
1 0.41796875 0.35859375 0.0515625 0.07578125
1 0.3875 0.36953125 0.0578125 0.10625
1 0.39375 0.46484375 0.0875 0.1015625
1 0.36171875 0.53984375 0.090625 0.1453125
1 0.5546875 0.2984375 0.05234375 0.07578125
1 0.5578125 0.34375 0.03984375 0.07578125
1 0.59453125 0.396875 0.05703125 0.1078125
1 0.63203125 0.4859375 0.071875 0.1234375
1 0.68203125 0.6234375 0.11796875 0.1296875
1 0.69296875 0.31484375 0.0421875 0.04296875
1 0.7171875 0.3375 0.04765625 0.096875
1 0.7828125 0.37734375 0.06328125 0.09140625
1 0.8890625 0.48515625 0.08828125 0.06953125
1 0.9375 0.609375 0.125 0.21015625