0 0.06796875 0.40859375 0.13515625 0.26171875
1 0.19609375 0.340625 0.10390625 0.2
1 0.3171875 0.29375 0.05859375 0.1203125
1 0.4109375 0.2890625 0.06640625 0.1390625
1 0.60390625 0.328125 0.08125 0.1640625
1 0.534375 0.34375 0.0859375 0.14453125
1 0.47265625 0.40234375 0.08984375 0.2015625
1 0.35546875 0.446875 0.1046875 0.2765625
1 0.76796875 0.77421875 0.2859375 0.45078125
1 0.85546875 0.575 0.11640625 0.25859375
1 0.91328125 0.4515625 0.08125 0.196875
1 0.89453125 0.328125 0.0484375 0.08203125
1 0.95234375 0.35390625 0.08359375 0.14453125