1 0.05390625 0.5890625 0.1078125 0.184375
1 0.10078125 0.434375 0.08125 0.140625
1 0.1625 0.3421875 0.0671875 0.10625
1 0.221875 0.32265625 0.06953125 0.07109375
1 0.38359375 0.31796875 0.0453125 0.08046875
1 0.36015625 0.34140625 0.0484375 0.08671875
0 0.346875 0.52109375 0.09375 0.20546875
1 0.65859375 0.5953125 0.13984375 0.1171875
1 0.60234375 0.45234375 0.06953125 0.1140625
1 0.5671875 0.34921875 0.04765625 0.09140625
1 0.53671875 0.31484375 0.04765625 0.06484375
1 0.528125 0.25546875 0.03671875 0.05390625
1 0.665625 0.2578125 0.0328125 0.07109375
1 0.6859375 0.30390625 0.03671875 0.06484375
1 0.74453125 0.33671875 0.06953125 0.08671875
1 0.8484375 0.45 0.09375 0.08515625
1 0.896875 0.55 0.13046875 0.17734375