0 0.03359375 0.3171875 0.0671875 0.3
0 0.25234375 0.38828125 0.14609375 0.33203125
1 0.1421875 0.23203125 0.09375 0.2421875
1 0.41328125 0.3515625 0.1015625 0.221875
1 0.25234375 0.20546875 0.09375 0.1484375
1 0.353125 0.1796875 0.071875 0.128125
1 0.4890625 0.26484375 0.07890625 0.13125
1 0.56953125 0.25546875 0.06953125 0.128125
1 0.89375 0.22109375 0.06015625 0.17109375
1 0.83671875 0.31796875 0.0875 0.1421875
1 0.80234375 0.47421875 0.14140625 0.18671875
1 0.7859375 0.709375 0.27578125 0.31953125