1 0.0765625 0.5453125 0.12734375 0.17734375
1 0.140625 0.434375 0.08515625 0.11875
1 0.196875 0.346875 0.04609375 0.1078125
1 0.25 0.32109375 0.05390625 0.06484375
1 0.4015625 0.33203125 0.0421875 0.07421875
1 0.38203125 0.35625 0.06328125 0.1015625
1 0.38515625 0.43203125 0.0875 0.1015625
0 0.325 0.5015625 0.13046875 0.16640625
1 0.54453125 0.2609375 0.0421875 0.06484375
1 0.55 0.3015625 0.03671875 0.04765625
1 0.5859375 0.36171875 0.05703125 0.09140625
1 0.6203125 0.475 0.090625 0.1015625
1 0.6828125 0.60703125 0.12421875 0.15
0 0.68125 0.2671875 0.0421875 0.06484375
1 0.7171875 0.3015625 0.0671875 0.09140625
1 0.76953125 0.353125 0.084375 0.07421875
1 0.86953125 0.46171875 0.10234375 0.07421875
1 0.915625 0.5640625 0.1515625 0.128125