0 0.10703125 0.36328125 0.11015625 0.2515625
0 0.36171875 0.42109375 0.1140625 0.30546875
1 0.24296875 0.28203125 0.09375 0.21640625
1 0.34375 0.23671875 0.06953125 0.109375
1 0.5015625 0.37578125 0.0875 0.16171875
1 0.45234375 0.2484375 0.04921875 0.1234375
1 0.5859375 0.31796875 0.08515625 0.1546875
1 0.6578125 0.2890625 0.05703125 0.1375
1 0.98125 0.25703125 0.0375 0.1234375
1 0.95625 0.36640625 0.08671875 0.16171875
1 0.93359375 0.52890625 0.115625 0.2203125
1 0.85859375 0.7890625 0.1859375 0.31015625