0 0.0796875 0.53359375 0.103125 0.17890625
1 0.15390625 0.409375 0.06953125 0.134375
1 0.21171875 0.32265625 0.0515625 0.1140625
1 0.25546875 0.2984375 0.0609375 0.07578125
1 0.42109375 0.30625 0.05234375 0.06015625
1 0.384375 0.33359375 0.05703125 0.1140625
1 0.3890625 0.40859375 0.071875 0.08046875
1 0.378125 0.5203125 0.10625 0.17265625
1 0.69140625 0.58203125 0.11875 0.1453125
1 0.6234375 0.44453125 0.07265625 0.1296875
1 0.59453125 0.346875 0.05703125 0.1296875
1 0.57109375 0.27109375 0.0484375 0.05390625
1 0.559375 0.21796875 0.03046875 0.06484375
1 0.68828125 0.228125 0.03984375 0.0953125
1 0.7171875 0.271875 0.0421875 0.08671875
1 0.790625 0.3171875 0.084375 0.103125
1 0.8953125 0.43046875 0.10625 0.1015625
1 0.93125 0.57578125 0.1375 0.146875