0 0.05234375 0.40078125 0.1046875 0.29140625
1 0.159375 0.3015625 0.13359375 0.2421875
1 0.27421875 0.2578125 0.0515625 0.1140625
1 0.39375 0.228125 0.0609375 0.1515625
1 0.58671875 0.2578125 0.05703125 0.15703125
1 0.49921875 0.28984375 0.08125 0.18828125
1 0.43046875 0.36328125 0.103125 0.17109375
1 0.31640625 0.43671875 0.14296875 0.3609375
1 0.7875 0.7046875 0.23984375 0.42109375
1 0.82578125 0.43671875 0.109375 0.1140625
1 0.87265625 0.290625 0.06953125 0.2203125
1 0.91171875 0.20078125 0.0578125 0.1296875