1 0.0828125 0.609375 0.1453125 0.17890625
1 0.1359375 0.484375 0.0875 0.1234375
1 0.21328125 0.40390625 0.0609375 0.103125
1 0.2609375 0.37109375 0.0578125 0.08203125
1 0.415625 0.38515625 0.05234375 0.07578125
1 0.38359375 0.40390625 0.0609375 0.09140625
1 0.38984375 0.490625 0.07265625 0.1015625
1 0.35234375 0.565625 0.1 0.17734375
1 0.54921875 0.3140625 0.0390625 0.07578125
1 0.55390625 0.36796875 0.05390625 0.07578125
1 0.5875 0.409375 0.06015625 0.1125
1 0.621875 0.503125 0.07578125 0.1515625
1 0.6875 0.65 0.109375 0.1390625
0 0.6765625 0.32890625 0.03359375 0.08046875
1 0.7171875 0.36328125 0.0546875 0.10625
1 0.78203125 0.41171875 0.084375 0.08671875
1 0.87578125 0.51171875 0.109375 0.09140625
1 0.9328125 0.6390625 0.13359375 0.19453125