0 0.05 0.50625 0.09921875 0.246875
0 0.29765625 0.56015625 0.12734375 0.30234375
1 0.15859375 0.43515625 0.08125 0.17265625
1 0.26796875 0.37109375 0.05703125 0.096875
1 0.40703125 0.3625 0.07890625 0.1015625
1 0.56328125 0.41015625 0.0703125 0.1359375
1 0.496875 0.428125 0.08828125 0.17734375
1 0.42421875 0.50546875 0.08515625 0.20546875
1 0.69375 0.81640625 0.20390625 0.3609375
1 0.796875 0.63125 0.14921875 0.28125
1 0.85 0.50078125 0.103125 0.2359375
1 0.88828125 0.40078125 0.05703125 0.17734375