1 0.11328125 0.53125 0.103125 0.1515625
1 0.20234375 0.590625 0.11171875 0.21484375
0 0.3078125 0.6328125 0.1203125 0.3453125
1 0.27109375 0.45546875 0.0546875 0.0953125
1 0.3671875 0.4984375 0.05703125 0.1296875
1 0.46875 0.515625 0.096875 0.19453125
1 0.53671875 0.46875 0.0515625 0.06953125
1 0.65078125 0.45234375 0.0421875 0.05859375
1 0.61171875 0.5359375 0.10859375 0.16171875
1 0.8 0.4984375 0.0546875 0.08671875
1 0.81484375 0.62265625 0.13359375 0.20546875
1 0.94296875 0.565625 0.109375 0.19921875