1 0.0703125 0.6296875 0.13515625 0.16953125
1 0.13984375 0.49765625 0.10859375 0.128125
1 0.20390625 0.41484375 0.059375 0.0984375
1 0.25859375 0.3703125 0.0515625 0.07109375
1 0.41015625 0.375 0.04453125 0.06171875
1 0.38671875 0.40625 0.053125 0.08515625
1 0.38515625 0.48984375 0.08046875 0.09375
1 0.34921875 0.590625 0.0796875 0.134375
1 0.5484375 0.32109375 0.03359375 0.07421875
1 0.54921875 0.3703125 0.03359375 0.07421875
1 0.5796875 0.40625 0.0515625 0.10625
1 0.621875 0.509375 0.0828125 0.1234375
1 0.68203125 0.66875 0.1046875 0.18984375
0 0.6796875 0.31796875 0.03984375 0.08671875
1 0.7046875 0.35 0.05390625 0.08671875
1 0.76328125 0.40390625 0.06015625 0.121875
1 0.87734375 0.5046875 0.08828125 0.0984375
1 0.9234375 0.61640625 0.109375 0.2296875