0 0.1015625 0.53203125 0.11484375 0.20078125
0 0.353125 0.5328125 0.1171875 0.21484375
1 0.1734375 0.425 0.0875 0.16171875
1 0.234375 0.3375 0.059375 0.1
1 0.28203125 0.3125 0.05390625 0.09375
1 0.41484375 0.4234375 0.06875 0.109375
1 0.40078125 0.3375 0.05390625 0.09140625
1 0.43046875 0.31015625 0.046875 0.06796875
1 0.56953125 0.2515625 0.04609375 0.07734375
1 0.7109375 0.2625 0.03984375 0.08984375
1 0.56875 0.31171875 0.04609375 0.07109375
1 0.58984375 0.3640625 0.0515625 0.08671875
1 0.64609375 0.44296875 0.075 0.1140625
1 0.69765625 0.59609375 0.0875 0.17734375
1 0.72890625 0.30625 0.04921875 0.08828125
1 0.8015625 0.3609375 0.06484375 0.1109375
1 0.90546875 0.459375 0.07578125 0.09375
1 0.9328125 0.56875 0.109375 0.2265625