1 0.04921875 0.4453125 0.0984375 0.2703125
1 0.13984375 0.38046875 0.103125 0.19609375
1 0.25703125 0.3203125 0.06328125 0.096875
0 0.36796875 0.309375 0.07265625 0.11875
1 0.56015625 0.35859375 0.08515625 0.128125
1 0.4859375 0.38046875 0.09453125 0.16171875
1 0.39609375 0.44765625 0.103125 0.18828125
0 0.2671875 0.5015625 0.13125 0.29609375
1 0.71171875 0.78203125 0.27265625 0.3828125
1 0.7765625 0.55546875 0.17890625 0.23125
1 0.85 0.4421875 0.09375 0.2328125
1 0.88515625 0.31796875 0.0546875 0.16640625