1 0.09140625 0.60546875 0.15 0.2640625
1 0.13984375 0.48046875 0.08046875 0.17421875
1 0.196875 0.39765625 0.06796875 0.13125
1 0.25546875 0.35703125 0.05625 0.10625
1 0.4 0.3609375 0.05390625 0.08984375
1 0.38046875 0.39921875 0.06796875 0.10625
1 0.3859375 0.48125 0.0625 0.1265625
0 0.34140625 0.5734375 0.10234375 0.2296875
1 0.5421875 0.3078125 0.04453125 0.09140625
1 0.5453125 0.36484375 0.053125 0.096875
1 0.5828125 0.4078125 0.06796875 0.13125
1 0.61953125 0.503125 0.08828125 0.1328125
1 0.67421875 0.66875 0.125 0.2265625
0 0.678125 0.3078125 0.0546875 0.1
1 0.70546875 0.34296875 0.065625 0.1078125
1 0.76015625 0.39296875 0.08125 0.1375
1 0.8640625 0.48515625 0.1171875 0.1375
1 0.92109375 0.64453125 0.15703125 0.2765625