0 0.128125 0.53828125 0.096875 0.18203125
0 0.38125 0.52265625 0.08515625 0.18359375
0 0.4140625 0.45234375 0.096875 0.1296875
0 0.1921875 0.44375 0.07890625 0.1125
1 0.24375 0.36484375 0.0609375 0.096875
1 0.2953125 0.33359375 0.0546875 0.1078125
1 0.44296875 0.34609375 0.0453125 0.08203125
1 0.4125 0.365625 0.06328125 0.08671875
1 0.57734375 0.28203125 0.0421875 0.07109375
0 0.58125 0.33359375 0.0421875 0.06484375
1 0.6125 0.37890625 0.05703125 0.15625
1 0.65234375 0.484375 0.11875 0.1078125
1 0.72109375 0.6078125 0.13984375 0.17265625
1 0.7203125 0.28984375 0.0484375 0.06484375
1 0.74921875 0.3359375 0.0515625 0.09140625
1 0.80859375 0.3734375 0.07890625 0.1140625
1 0.92109375 0.4703125 0.109375 0.1015625
1 0.96171875 0.596875 0.0765625 0.215625