0 0.08203125 0.56484375 0.09140625 0.225
0 0.18984375 0.4828125 0.0765625 0.1515625
0 0.35234375 0.62109375 0.109375 0.34140625
1 0.315625 0.40546875 0.0609375 0.09140625
1 0.46171875 0.56484375 0.096875 0.259375
1 0.4046875 0.4078125 0.04375 0.08515625
1 0.53671875 0.48125 0.0640625 0.18828125
1 0.6140625 0.46953125 0.0546875 0.09140625
1 0.79609375 0.853125 0.23125 0.253125
1 0.884375 0.66171875 0.12734375 0.18203125
1 0.91171875 0.51015625 0.0609375 0.11875
1 0.9453125 0.41328125 0.04140625 0.0953125