1 0.38515625 0.5015625 0.1125 0.26640625
1 0.22890625 0.54140625 0.12421875 0.28359375
1 0.07109375 0.41484375 0.13203125 0.271875
1 0.26640625 0.403125 0.0546875 0.08984375
1 0.34765625 0.44140625 0.0578125 0.0984375
1 0.446875 0.43828125 0.06015625 0.14921875
1 0.58046875 0.45 0.1453125 0.20546875
1 0.7828125 0.51953125 0.1578125 0.378125
1 0.91484375 0.40625 0.1125 0.30546875
1 0.640625 0.3859375 0.07109375 0.16640625
1 0.52578125 0.36640625 0.08359375 0.17421875
1 0.48125 0.39296875 0.046875 0.1203125