0 0.1421875 0.4078125 0.14609375 0.2609375
0 0.253125 0.33203125 0.10078125 0.21640625
1 0.3640625 0.275 0.07109375 0.1328125
0 0.4875 0.2703125 0.07109375 0.1515625
0 0.65390625 0.30703125 0.10625 0.1484375
1 0.57734375 0.33046875 0.10078125 0.18828125
1 0.51015625 0.446875 0.128125 0.2328125
0 0.3875 0.47890625 0.1203125 0.375
1 0.959375 0.3015625 0.08046875 0.19296875
1 0.93984375 0.39140625 0.1203125 0.2265625
1 0.91796875 0.5671875 0.1640625 0.30390625
1 0.81875 0.771875 0.278125 0.42265625