1 0.09140625 0.54375 0.15078125 0.15859375
1 0.14765625 0.4140625 0.09375 0.14375
1 0.21171875 0.33828125 0.06796875 0.1203125
1 0.27109375 0.2921875 0.0484375 0.10625
1 0.41875 0.30859375 0.05703125 0.07421875
1 0.3890625 0.33515625 0.05625 0.1015625
1 0.3859375 0.40625 0.06953125 0.1125
1 0.378125 0.5171875 0.075 0.1390625
1 0.55703125 0.25 0.040625 0.07421875
1 0.5640625 0.2984375 0.0421875 0.07265625
1 0.5890625 0.35234375 0.05546875 0.109375
1 0.63125 0.44609375 0.0703125 0.1203125
1 0.68515625 0.596875 0.10859375 0.19140625
1 0.696875 0.26015625 0.04609375 0.08203125
1 0.7203125 0.2984375 0.0453125 0.096875
1 0.78671875 0.35234375 0.07734375 0.128125
1 0.8890625 0.43671875 0.1 0.1234375
1 0.94453125 0.57265625 0.1015625 0.228125