0 0.046875 0.45234375 0.09375 0.30859375
1 0.159375 0.3859375 0.14375 0.28359375
1 0.25859375 0.340625 0.134375 0.2234375
1 0.38671875 0.328125 0.12734375 0.21796875
1 0.57890625 0.3359375 0.13359375 0.2328125
1 0.484375 0.36171875 0.13515625 0.2390625
1 0.40546875 0.46640625 0.1546875 0.31171875
0 0.24453125 0.5359375 0.171875 0.371875
1 0.70859375 0.74375 0.3234375 0.2625
1 0.78828125 0.57265625 0.1890625 0.31796875
1 0.84140625 0.3734375 0.11953125 0.275
1 0.8875 0.328125 0.06328125 0.2796875