0 0.059375 0.4015625 0.11171875 0.228125
1 0.20546875 0.346875 0.0828125 0.19453125
1 0.30390625 0.28671875 0.0609375 0.1078125
1 0.41640625 0.29296875 0.0546875 0.1296875
1 0.60234375 0.33125 0.0671875 0.128125
1 0.53984375 0.35234375 0.0875 0.17109375
1 0.46875 0.4046875 0.08515625 0.21015625
1 0.3453125 0.45 0.08125 0.29140625
1 0.7625 0.74453125 0.23671875 0.371875
1 0.853125 0.546875 0.1 0.20546875
1 0.8890625 0.43046875 0.05703125 0.1234375
1 0.890625 0.3203125 0.04140625 0.096875
1 0.95 0.35546875 0.0828125 0.134375