1 0.1 0.471875 0.1078125 0.1734375
1 0.053125 0.44765625 0.0671875 0.11015625
1 0.22421875 0.53359375 0.11796875 0.21484375
1 0.2703125 0.41171875 0.0546875 0.1203125
1 0.35703125 0.54375 0.13046875 0.309375
1 0.43359375 0.4015625 0.02890625 0.0671875
1 0.46640625 0.44296875 0.0734375 0.18046875
1 0.53046875 0.4015625 0.07265625 0.09921875
1 0.6140625 0.47890625 0.10234375 0.19140625
1 0.6421875 0.39140625 0.03984375 0.1
1 0.809375 0.5046875 0.15078125 0.221875
1 0.93984375 0.46328125 0.115625 0.21015625