1 0.08515625 0.603125 0.1328125 0.1515625
1 0.146875 0.4578125 0.0859375 0.1375
1 0.20234375 0.38515625 0.06875 0.121875
1 0.27578125 0.346875 0.0515625 0.09296875
1 0.41953125 0.36015625 0.04609375 0.06640625
1 0.38828125 0.3828125 0.07265625 0.09296875
1 0.38984375 0.46015625 0.0640625 0.1109375
1 0.55 0.30390625 0.0546875 0.06484375
1 0.553125 0.35390625 0.0390625 0.08828125
1 0.584375 0.39453125 0.0546875 0.08515625
1 0.6078125 0.490625 0.065625 0.1296875
0 0.66953125 0.6140625 0.10390625 0.275
0 0.35859375 0.55078125 0.10078125 0.17890625
1 0.68515625 0.296875 0.0484375 0.09140625
1 0.70234375 0.34453125 0.06328125 0.08828125
1 0.7671875 0.39921875 0.078125 0.109375
1 0.8796875 0.49921875 0.09296875 0.103125
1 0.91953125 0.615625 0.10703125 0.19140625