0 0.14140625 0.40390625 0.14296875 0.2546875
1 0.28671875 0.34140625 0.103125 0.21640625
1 0.38984375 0.29375 0.06015625 0.128125
1 0.49296875 0.29765625 0.0625 0.1328125
1 0.6859375 0.3453125 0.0921875 0.16015625
1 0.60625 0.36328125 0.08046875 0.18046875
1 0.53671875 0.4625 0.12421875 0.2359375
0 0.42421875 0.4640625 0.10078125 0.34140625
1 0.95390625 0.38671875 0.0921875 0.1734375
1 0.9734375 0.4671875 0.053125 0.178125
1 0.93046875 0.571875 0.13359375 0.2671875
1 0.84375 0.78515625 0.20625 0.41328125