1 0.04765625 0.3546875 0.09453125 0.253125
1 0.1796875 0.28046875 0.10234375 0.2203125
1 0.27421875 0.21796875 0.0671875 0.1078125
1 0.39375 0.2203125 0.0578125 0.09296875
1 0.58984375 0.2390625 0.07890625 0.1515625
1 0.5046875 0.2609375 0.0671875 0.18203125
1 0.41640625 0.3421875 0.10234375 0.18359375
0 0.31640625 0.42265625 0.12734375 0.32421875
1 0.771875 0.66484375 0.2734375 0.43203125
1 0.821875 0.43046875 0.10625 0.21015625
1 0.86015625 0.30078125 0.078125 0.15703125
1 0.8953125 0.171875 0.06328125 0.09140625