1 0.07890625 0.53671875 0.12421875 0.234375
1 0.14375 0.40625 0.0921875 0.19140625
1 0.20546875 0.3203125 0.07578125 0.1375
1 0.25234375 0.296875 0.059375 0.1125
1 0.3890625 0.30546875 0.0578125 0.096875
1 0.37734375 0.375 0.06953125 0.1140625
1 0.37734375 0.4578125 0.08828125 0.153125
1 0.35390625 0.5859375 0.10703125 0.21796875
1 0.55703125 0.22265625 0.0640625 0.09375
1 0.56796875 0.26953125 0.0609375 0.1
1 0.584375 0.33125 0.078125 0.14375
1 0.6359375 0.4375 0.09375 0.146875
1 0.6890625 0.596875 0.15078125 0.246875
0 0.6890625 0.2125 0.046875 0.08515625
1 0.721875 0.25390625 0.065625 0.11875
1 0.77734375 0.3078125 0.0859375 0.15
1 0.89921875 0.41875 0.121875 0.146875
1 0.9203125 0.584375 0.159375 0.2390625
1 0.41953125 0.2703125 0.053125 0.0734375