1 0.1015625 0.2390625 0.125 0.26875
0 0.3453125 0.290625 0.125 0.33203125
1 0.2546875 0.146875 0.08359375 0.228125
1 0.3515625 0.1015625 0.046875 0.15703125
1 0.45234375 0.090625 0.05390625 0.15
1 0.6671875 0.1234375 0.078125 0.16015625
1 0.58359375 0.14921875 0.09375 0.18359375
0 0.50234375 0.23515625 0.1078125 0.2203125
1 0.96796875 0.11484375 0.06328125 0.14375
1 0.94453125 0.2046875 0.10703125 0.18046875
1 0.90546875 0.3359375 0.17109375 0.20859375
1 0.8421875 0.58515625 0.25234375 0.43515625