1 0.11171875 0.42578125 0.09140625 0.18828125
1 0.04609375 0.40703125 0.0640625 0.0953125
1 0.240625 0.515625 0.10078125 0.18203125
1 0.28046875 0.3640625 0.06953125 0.1078125
0 0.3609375 0.4859375 0.12734375 0.29609375
1 0.4515625 0.3828125 0.0421875 0.08046875
1 0.48203125 0.45078125 0.0609375 0.16015625
1 0.53828125 0.38359375 0.0453125 0.09140625
1 0.615625 0.47109375 0.09140625 0.20546875
1 0.66171875 0.3859375 0.0484375 0.1296875
1 0.80390625 0.5234375 0.13359375 0.23125
1 0.93828125 0.5125 0.1234375 0.178125