1 0.09296875 0.53359375 0.14375 0.17890625
1 0.14609375 0.4171875 0.090625 0.134375
1 0.2078125 0.33203125 0.07890625 0.1171875
1 0.26640625 0.29921875 0.0546875 0.0953125
1 0.41875 0.3 0.05 0.07578125
1 0.38671875 0.3296875 0.05625 0.07890625
1 0.3875 0.396875 0.0796875 0.1015625
1 0.36640625 0.52421875 0.0921875 0.18046875
1 0.55390625 0.24609375 0.0421875 0.06953125
1 0.559375 0.30625 0.03984375 0.06953125
1 0.58828125 0.34609375 0.04765625 0.096875
1 0.62265625 0.42421875 0.0734375 0.1359375
1 0.675 0.59921875 0.1203125 0.16796875
1 0.6953125 0.24375 0.0328125 0.07421875
1 0.71640625 0.2890625 0.0515625 0.096875
1 0.78125 0.35 0.0765625 0.1078125
1 0.88515625 0.4421875 0.08671875 0.10625
1 0.9390625 0.565625 0.121875 0.2375