0 0.11171875 0.53359375 0.0875 0.18828125
1 0.15234375 0.4453125 0.09609375 0.128125
1 0.21328125 0.353125 0.0671875 0.1078125
1 0.26484375 0.31640625 0.05390625 0.08671875
1 0.42109375 0.3375 0.0453125 0.05390625
1 0.38515625 0.35625 0.04609375 0.09296875
1 0.38359375 0.4265625 0.07890625 0.1125
1 0.36484375 0.53125 0.09140625 0.128125
1 0.55234375 0.28046875 0.03984375 0.06953125
1 0.5625 0.3265625 0.03671875 0.07578125
1 0.58984375 0.38046875 0.04765625 0.11875
1 0.63515625 0.47421875 0.096875 0.1125
1 0.684375 0.6078125 0.121875 0.1296875
1 0.68984375 0.28828125 0.04140625 0.06484375
1 0.71640625 0.31640625 0.05703125 0.08671875
1 0.7859375 0.3796875 0.0640625 0.08671875
1 0.8796875 0.47421875 0.0875 0.08203125
1 0.9265625 0.56875 0.146875 0.18125