1 0.396875 0.3390625 0.0015625 0.01171875
1 0.10390625 0.653125 0.11484375 0.18515625
1 0.16640625 0.53203125 0.08046875 0.1359375
1 0.22578125 0.453125 0.0578125 0.10625
1 0.278125 0.41171875 0.05234375 0.0953125
1 0.42265625 0.41484375 0.0546875 0.06484375
1 0.396875 0.4421875 0.0703125 0.08828125
1 0.4015625 0.521875 0.0734375 0.1203125
0 0.35703125 0.61171875 0.078125 0.17734375
1 0.559375 0.35859375 0.03984375 0.07890625
1 0.5609375 0.41171875 0.04609375 0.08046875
1 0.5921875 0.4609375 0.0671875 0.103125
1 0.6390625 0.55078125 0.109375 0.1359375
1 0.69609375 0.72265625 0.1453125 0.21484375
0 0.6921875 0.35703125 0.046875 0.07265625
1 0.71875 0.40625 0.07109375 0.09296875
1 0.784375 0.4515625 0.09140625 0.109375
1 0.89609375 0.54921875 0.1140625 0.0984375
1 0.93046875 0.69765625 0.1390625 0.23125