1 0.0953125 0.55234375 0.12421875 0.17265625
1 0.15234375 0.4390625 0.0828125 0.11875
1 0.21640625 0.3578125 0.05703125 0.1078125
1 0.27109375 0.32578125 0.0453125 0.08671875
1 0.42109375 0.33671875 0.04765625 0.07734375
1 0.3921875 0.35234375 0.05703125 0.08515625
1 0.3953125 0.43359375 0.0828125 0.1078125
1 0.36796875 0.53515625 0.08828125 0.1296875
1 0.553125 0.27734375 0.03359375 0.07578125
1 0.5578125 0.33125 0.03671875 0.05390625
1 0.58828125 0.3796875 0.0484375 0.1078125
1 0.6359375 0.48203125 0.0875 0.11875
1 0.6890625 0.625 0.115625 0.1453125
1 0.68671875 0.2796875 0.0390625 0.07109375
1 0.7140625 0.31953125 0.05234375 0.06484375
1 0.78125 0.3796875 0.08125 0.0953125
1 0.88359375 0.48515625 0.09609375 0.09140625
1 0.93359375 0.57890625 0.1328125 0.1484375