1 0.08125 0.55 0.13359375 0.15625
1 0.1515625 0.41796875 0.07890625 0.1296875
1 0.203125 0.3421875 0.0609375 0.11875
1 0.2546875 0.32109375 0.0671875 0.08671875
1 0.41484375 0.3296875 0.0578125 0.06953125
1 0.38828125 0.34296875 0.0671875 0.1078125
1 0.38515625 0.4234375 0.07265625 0.096875
0 0.34921875 0.5234375 0.109375 0.16640625
1 0.690625 0.6125 0.14296875 0.17265625
1 0.634375 0.4640625 0.09140625 0.09140625
1 0.590625 0.36328125 0.06953125 0.096875
1 0.56328125 0.3078125 0.0578125 0.06953125
1 0.55390625 0.25859375 0.028125 0.06015625
0 0.696875 0.278125 0.0515625 0.08671875
1 0.71796875 0.29375 0.05703125 0.08515625
1 0.78828125 0.36328125 0.10078125 0.096875
1 0.88359375 0.47734375 0.109375 0.07578125
1 0.928125 0.5859375 0.1421875 0.128125