1 0.084375 0.60390625 0.0859375 0.16484375
1 0.14453125 0.48046875 0.08046875 0.14375
1 0.20859375 0.396875 0.059375 0.1234375
1 0.2625 0.36484375 0.0453125 0.08828125
1 0.415625 0.37421875 0.04375 0.07890625
1 0.38828125 0.40859375 0.05234375 0.07109375
1 0.384375 0.484375 0.05703125 0.1046875
1 0.3546875 0.584375 0.07890625 0.153125
1 0.54765625 0.33125 0.03203125 0.06328125
1 0.684375 0.35 0.04375 0.07734375
1 0.55078125 0.38828125 0.040625 0.07578125
1 0.703125 0.3828125 0.06953125 0.09296875
1 0.5796875 0.4296875 0.0640625 0.11875
1 0.7703125 0.4328125 0.08125 0.11875
1 0.62265625 0.5375 0.09609375 0.09375
1 0.87578125 0.52890625 0.0921875 0.10625
1 0.68203125 0.69453125 0.11484375 0.19453125
1 0.91875 0.665625 0.1109375 0.2515625