1 0.08125 0.59375 0.10703125 0.20859375
1 0.14765625 0.4671875 0.07265625 0.1375
1 0.2 0.375 0.0578125 0.1078125
1 0.26015625 0.34140625 0.05546875 0.07421875
1 0.40859375 0.3515625 0.04609375 0.08359375
1 0.3859375 0.37265625 0.04765625 0.07890625
1 0.384375 0.453125 0.059375 0.10625
1 0.36875 0.54609375 0.07734375 0.1484375
1 0.55546875 0.27265625 0.040625 0.06015625
1 0.55703125 0.3359375 0.03125 0.07265625
1 0.58515625 0.3734375 0.0546875 0.0953125
1 0.63125 0.47734375 0.0671875 0.10625
1 0.69453125 0.5953125 0.0953125 0.17890625
1 0.68515625 0.2890625 0.03359375 0.06640625
1 0.7109375 0.315625 0.04140625 0.096875
1 0.771875 0.3625 0.0640625 0.1109375
1 0.88125 0.46484375 0.08046875 0.1171875
1 0.93359375 0.575 0.1 0.2359375