1 0.090625 0.525 0.13984375 0.1515625
1 0.1515625 0.40390625 0.08515625 0.15625
1 0.21015625 0.3015625 0.07578125 0.103125
1 0.26796875 0.28515625 0.0640625 0.03671875
1 0.41875 0.290625 0.0375 0.06953125
1 0.39140625 0.30390625 0.0609375 0.06484375
1 0.40546875 0.39609375 0.0765625 0.096875
1 0.3671875 0.484375 0.08515625 0.1453125
1 0.56015625 0.225 0.0390625 0.07109375
1 0.56953125 0.29296875 0.028125 0.06484375
1 0.5921875 0.33125 0.04140625 0.10625
1 0.64609375 0.4390625 0.103125 0.11875
1 0.6921875 0.56875 0.14609375 0.140625
1 0.7046875 0.22734375 0.0421875 0.07578125
1 0.72578125 0.2875 0.05390625 0.06328125
1 0.78671875 0.334375 0.0609375 0.06953125
1 0.90625 0.44140625 0.10078125 0.08046875
1 0.92890625 0.56875 0.12734375 0.11875