0 0.0875 0.31015625 0.11171875 0.2625
0 0.30703125 0.3875 0.1390625 0.33359375
1 0.20234375 0.23203125 0.10625 0.20546875
1 0.46484375 0.33515625 0.1046875 0.21875
1 0.3140625 0.18984375 0.07578125 0.1203125
0 0.41953125 0.17421875 0.05703125 0.1171875
1 0.5296875 0.2375 0.0796875 0.17578125
1 0.61953125 0.22890625 0.0640625 0.146875
1 0.953125 0.18515625 0.059375 0.1078125
1 0.9171875 0.2859375 0.0828125 0.16171875
1 0.8703125 0.43046875 0.1546875 0.225
1 0.78984375 0.63359375 0.24765625 0.31640625