1 0.11015625 0.34921875 0.08515625 0.18359375
1 0.22265625 0.2765625 0.071875 0.1234375
0 0.33359375 0.29765625 0.0640625 0.08046875
0 0.534375 0.2921875 0.07578125 0.15625
1 0.44765625 0.3140625 0.09140625 0.15625
1 0.38359375 0.40390625 0.0671875 0.18359375
0 0.24375 0.46015625 0.121875 0.28671875
1 0.6671875 0.7 0.19765625 0.35625
1 0.740625 0.465625 0.1546875 0.2203125
1 0.78671875 0.328125 0.0453125 0.11875
0 0.80546875 0.2796875 0.0484375 0.1296875
1 0.8390625 0.26640625 0.05546875 0.15625