1 0.0453125 0.5046875 0.090625 0.2375
1 0.17421875 0.4421875 0.10703125 0.18984375
1 0.28828125 0.371875 0.07265625 0.1234375
1 0.4234375 0.37734375 0.06328125 0.103125
1 0.578125 0.41796875 0.0640625 0.1515625
1 0.51328125 0.43515625 0.08515625 0.19453125
1 0.4390625 0.50703125 0.0875 0.19921875
0 0.33203125 0.55234375 0.1 0.28125
1 0.70546875 0.82890625 0.215625 0.30234375
1 0.81875 0.62265625 0.1421875 0.2265625
1 0.8578125 0.50703125 0.11171875 0.2421875
1 0.903125 0.40703125 0.06328125 0.1515625