0 0.11640625 0.54453125 0.115625 0.21640625
1 0.17109375 0.440625 0.07265625 0.11875
1 0.21953125 0.36796875 0.0546875 0.1125
1 0.2640625 0.33359375 0.0453125 0.06484375
1 0.4171875 0.34375 0.0546875 0.07578125
1 0.38828125 0.3625 0.0515625 0.08046875
1 0.3875 0.4578125 0.0609375 0.11875
0 0.359375 0.58125 0.08515625 0.140625
1 0.69296875 0.64609375 0.12734375 0.16171875
1 0.63828125 0.48671875 0.103125 0.103125
1 0.60390625 0.38515625 0.07578125 0.09140625
1 0.565625 0.3390625 0.0484375 0.07578125
1 0.55078125 0.27421875 0.0421875 0.06328125
1 0.69453125 0.2921875 0.0578125 0.06953125
1 0.73515625 0.325 0.0515625 0.09140625
1 0.7890625 0.37890625 0.08125 0.1125
1 0.88828125 0.47890625 0.121875 0.10625
1 0.9171875 0.5953125 0.1359375 0.1234375