1 0.103125 0.5609375 0.1125 0.19296875
1 0.15703125 0.44375 0.08515625 0.1375
1 0.21953125 0.3578125 0.078125 0.1109375
1 0.2671875 0.3171875 0.0421875 0.1
1 0.425 0.32890625 0.05546875 0.08046875
1 0.39375 0.346875 0.05625 0.08671875
1 0.38984375 0.4296875 0.07578125 0.128125
1 0.36796875 0.5390625 0.1171875 0.13125
1 0.5546875 0.27109375 0.05234375 0.08203125
1 0.69609375 0.27109375 0.0421875 0.09140625
1 0.56171875 0.325 0.0546875 0.07265625
1 0.715625 0.315625 0.065625 0.10625
1 0.584375 0.3609375 0.05546875 0.1046875
1 0.77890625 0.3640625 0.084375 0.1109375
1 0.634375 0.47578125 0.11015625 0.103125
1 0.884375 0.4703125 0.07734375 0.1109375
1 0.68984375 0.6234375 0.11640625 0.18203125
1 0.93828125 0.60546875 0.10625 0.2421875