1 0.07890625 0.71328125 0.12421875 0.17265625
1 0.32890625 0.66484375 0.10625 0.20703125
1 0.13125 0.56328125 0.08828125 0.1484375
1 0.1859375 0.4765625 0.0765625 0.1203125
1 0.2453125 0.43203125 0.0625 0.08671875
1 0.3953125 0.4375 0.0421875 0.07890625
1 0.36953125 0.4640625 0.0578125 0.07265625
1 0.36875 0.546875 0.065625 0.11875
1 0.53125 0.37265625 0.03984375 0.08828125
1 0.53046875 0.43359375 0.03671875 0.08359375
1 0.56875 0.475 0.05234375 0.1296875
1 0.6078125 0.57109375 0.0921875 0.1515625
1 0.67265625 0.728125 0.16484375 0.228125
0 0.659375 0.38359375 0.046875 0.08515625
1 0.6828125 0.39609375 0.05703125 0.115625
1 0.75078125 0.453125 0.078125 0.125
1 0.86015625 0.5546875 0.1046875 0.1375
1 0.915625 0.68828125 0.11484375 0.253125