1 0.0765625 0.44296875 0.03203125 0.0875
1 0.1265625 0.459375 0.09296875 0.16953125
1 0.25 0.53828125 0.11875 0.2171875
1 0.28515625 0.4015625 0.05234375 0.1203125
1 0.384375 0.53046875 0.121875 0.30546875
1 0.44921875 0.39140625 0.03828125 0.0578125
1 0.4890625 0.440625 0.0640625 0.16484375
1 0.5421875 0.39453125 0.0546875 0.1140625
1 0.63203125 0.4765625 0.10078125 0.19609375
1 0.67421875 0.4015625 0.04609375 0.09921875
1 0.7984375 0.39609375 0.0578125 0.0890625
1 0.834375 0.51484375 0.125 0.18125
1 0.95234375 0.46875 0.0953125 0.2015625