0 0.05625 0.43671875 0.11171875 0.29296875
0 0.26640625 0.490625 0.1390625 0.30234375
1 0.15546875 0.35234375 0.10703125 0.19921875
1 0.27265625 0.2984375 0.08515625 0.146875
1 0.37578125 0.29375 0.090625 0.134375
1 0.565625 0.3125 0.0640625 0.15
1 0.50078125 0.34453125 0.09140625 0.16171875
1 0.4125 0.4453125 0.13359375 0.19921875
1 0.7296875 0.77734375 0.325 0.43046875
1 0.81484375 0.55546875 0.1921875 0.271875
1 0.84296875 0.40703125 0.103125 0.221875
1 0.8953125 0.30703125 0.0546875 0.17265625