1 0.0796875 0.5328125 0.1359375 0.1375
1 0.153125 0.4046875 0.075 0.1328125
1 0.2125 0.33359375 0.0453125 0.1296875
1 0.26796875 0.28984375 0.03671875 0.06796875
1 0.4140625 0.2953125 0.059375 0.06640625
1 0.39765625 0.3203125 0.0625 0.07578125
1 0.3953125 0.40625 0.0859375 0.0953125
1 0.36953125 0.53125 0.0828125 0.1203125
1 0.5578125 0.2421875 0.04453125 0.08984375
1 0.70078125 0.240625 0.0515625 0.08984375
1 0.559375 0.30546875 0.04765625 0.07421875
1 0.7203125 0.2859375 0.06015625 0.07890625
1 0.5828125 0.3453125 0.0484375 0.1046875
1 0.78203125 0.34609375 0.0921875 0.1
1 0.63359375 0.44375 0.0734375 0.11875
1 0.89296875 0.44453125 0.0703125 0.0953125
1 0.68515625 0.60625 0.1546875 0.18515625
1 0.93125 0.5609375 0.1296875 0.2265625