1 0.09453125 0.5578125 0.1015625 0.18671875
1 0.15390625 0.4359375 0.0859375 0.153125
1 0.21796875 0.365625 0.06015625 0.1203125
1 0.2671875 0.3140625 0.04765625 0.09375
1 0.41328125 0.31796875 0.05234375 0.07421875
1 0.39453125 0.3546875 0.06484375 0.08046875
1 0.40390625 0.44453125 0.09921875 0.1265625
1 0.37265625 0.54609375 0.09140625 0.1234375
1 0.56328125 0.26484375 0.04453125 0.06640625
1 0.6953125 0.2796875 0.0453125 0.09296875
1 0.559375 0.32734375 0.05625 0.06484375
1 0.71875 0.31953125 0.05703125 0.08671875
1 0.5890625 0.38203125 0.053125 0.1125
1 0.78515625 0.3671875 0.07578125 0.0953125
1 0.63203125 0.4671875 0.103125 0.13125
1 0.8921875 0.47734375 0.1 0.1
1 0.69296875 0.61953125 0.125 0.17421875
1 0.934375 0.59765625 0.11953125 0.20859375