0 0.06796875 0.56796875 0.13515625 0.1515625
0 0.32890625 0.51171875 0.0875 0.19921875
1 0.1375 0.41953125 0.07578125 0.1234375
1 0.20390625 0.3515625 0.06953125 0.1078125
1 0.246875 0.3234375 0.0453125 0.09140625
1 0.4109375 0.33125 0.0453125 0.05390625
1 0.37578125 0.34453125 0.05546875 0.09140625
1 0.37734375 0.42265625 0.0703125 0.0953125
1 0.54609375 0.27109375 0.0296875 0.07578125
1 0.55 0.33125 0.03984375 0.07578125
1 0.58359375 0.365625 0.0515625 0.1015625
1 0.6140625 0.46328125 0.0875 0.1015625
1 0.6796875 0.59296875 0.096875 0.1359375
1 0.684375 0.2875 0.03984375 0.07578125
1 0.70859375 0.3203125 0.0453125 0.08515625
1 0.77109375 0.36875 0.08515625 0.08671875
1 0.87578125 0.46875 0.11171875 0.09140625
1 0.92265625 0.59765625 0.13984375 0.146875