1 0.07109375 0.5984375 0.115625 0.1234375
1 0.1359375 0.46875 0.08125 0.134375
1 0.20625 0.396875 0.06328125 0.1078125
1 0.2625 0.3546875 0.065625 0.09296875
1 0.4109375 0.36875 0.0546875 0.06484375
1 0.38515625 0.39609375 0.05234375 0.08515625
1 0.38046875 0.47890625 0.09140625 0.06953125
1 0.3578125 0.5796875 0.09453125 0.140625
1 0.55234375 0.32265625 0.05234375 0.05859375
1 0.56015625 0.36875 0.03671875 0.06484375
1 0.5875 0.42265625 0.0484375 0.1078125
1 0.6203125 0.52265625 0.07890625 0.06015625
1 0.6703125 0.65 0.11171875 0.1078125
1 0.6875 0.32265625 0.0484375 0.05859375
1 0.71015625 0.36328125 0.0515625 0.096875
1 0.77421875 0.428125 0.0703125 0.11875
1 0.87734375 0.51171875 0.09453125 0.06953125
1 0.91796875 0.6171875 0.115625 0.0953125