1 0.1015625 0.5859375 0.11484375 0.18671875
1 0.3625 0.54609375 0.08515625 0.18828125
1 0.153125 0.45078125 0.1078125 0.1390625
1 0.403125 0.44765625 0.07578125 0.1171875
1 0.21640625 0.3796875 0.06015625 0.1171875
1 0.39296875 0.38671875 0.0609375 0.1
1 0.2734375 0.3390625 0.05 0.08203125
1 0.41484375 0.33359375 0.05390625 0.08046875
1 0.56171875 0.290625 0.0375 0.06328125
1 0.70078125 0.29296875 0.03359375 0.07734375
1 0.5625 0.33984375 0.03828125 0.08046875
1 0.71953125 0.3421875 0.05234375 0.09375
1 0.58125 0.4078125 0.0484375 0.128125
1 0.78984375 0.39375 0.06796875 0.08984375
1 0.634375 0.47734375 0.0953125 0.146875
1 0.89296875 0.48671875 0.090625 0.1125
1 0.69453125 0.64375 0.1171875 0.20390625
1 0.940625 0.62421875 0.11171875 0.2453125