1 0.0671875 0.59921875 0.13359375 0.15625
1 0.13984375 0.46875 0.09140625 0.1140625
1 0.20546875 0.3859375 0.0515625 0.1078125
1 0.25078125 0.34765625 0.05703125 0.06328125
1 0.41328125 0.35859375 0.0375 0.05390625
1 0.37734375 0.3796875 0.06015625 0.08671875
1 0.38828125 0.46171875 0.0765625 0.08671875
1 0.35234375 0.55859375 0.096875 0.1296875
1 0.54765625 0.2890625 0.0421875 0.07578125
1 0.55 0.34296875 0.03671875 0.08671875
1 0.58515625 0.3859375 0.0515625 0.0953125
1 0.6203125 0.48828125 0.109375 0.11875
1 0.678125 0.62578125 0.128125 0.134375