1 0.0828125 0.6546875 0.12734375 0.1296875
1 0.146875 0.52890625 0.08515625 0.1125
1 0.21796875 0.44921875 0.05234375 0.1078125
0 0.26484375 0.40078125 0.06015625 0.07578125
1 0.41875 0.40625 0.05234375 0.06484375
1 0.38671875 0.4390625 0.0671875 0.07578125
1 0.39921875 0.51171875 0.07890625 0.125
0 0.36640625 0.609375 0.11171875 0.16640625
1 0.696875 0.68671875 0.103125 0.1515625
1 0.628125 0.52265625 0.0875 0.125
1 0.59140625 0.44453125 0.06328125 0.08671875
1 0.56015625 0.40234375 0.05546875 0.07578125
1 0.55703125 0.34921875 0.0421875 0.04765625
1 0.6859375 0.3421875 0.03984375 0.07578125
1 0.71015625 0.38203125 0.0453125 0.08203125
1 0.7953125 0.42578125 0.08125 0.08046875
1 0.8859375 0.52578125 0.10625 0.07578125
1 0.9203125 0.58515625 0.10625 0.1515625