1 0.08046875 0.50859375 0.1421875 0.18359375
1 0.15546875 0.38203125 0.08515625 0.146875
1 0.21328125 0.3015625 0.0609375 0.1125
1 0.2671875 0.271875 0.0609375 0.08671875
1 0.42265625 0.290625 0.0484375 0.06953125
1 0.3984375 0.309375 0.0609375 0.096875
1 0.40546875 0.39296875 0.0703125 0.09140625
1 0.36953125 0.5015625 0.12421875 0.16640625
1 0.5625 0.2390625 0.0484375 0.07421875
1 0.5625 0.28515625 0.05390625 0.05859375
1 0.59453125 0.3421875 0.0515625 0.128125
1 0.63828125 0.44140625 0.07890625 0.08046875
1 0.684375 0.57421875 0.096875 0.1390625
1 0.70546875 0.24140625 0.0421875 0.04765625
1 0.73125 0.28671875 0.05234375 0.06484375
1 0.79375 0.3421875 0.07265625 0.096875
1 0.8890625 0.453125 0.10625 0.1125
1 0.9375 0.56328125 0.125 0.1296875