1 0.0765625 0.62421875 0.14609375 0.140625
0 0.14765625 0.49609375 0.08828125 0.146875
1 0.20703125 0.409375 0.04921875 0.1125
1 0.25859375 0.375 0.065625 0.08671875
1 0.41640625 0.38359375 0.04375 0.04765625
1 0.384375 0.40703125 0.0640625 0.08671875
0 0.3890625 0.4859375 0.0671875 0.1140625
1 0.35625 0.60078125 0.0921875 0.16171875
1 0.55 0.32421875 0.03125 0.07109375
1 0.5515625 0.36640625 0.0390625 0.06015625
1 0.58671875 0.409375 0.05390625 0.1125
1 0.625 0.5046875 0.08125 0.1078125
1 0.67734375 0.653125 0.12734375 0.15703125
1 0.678125 0.33125 0.0484375 0.096875
1 0.709375 0.36484375 0.04609375 0.07578125
1 0.775 0.40234375 0.07890625 0.096875
1 0.86484375 0.5015625 0.09375 0.08046875
1 0.9390625 0.62578125 0.121875 0.15625