1 0.0796875 0.55078125 0.13046875 0.1515625
1 0.14609375 0.41875 0.078125 0.140625
1 0.20546875 0.33359375 0.04765625 0.1109375
1 0.259375 0.3078125 0.03203125 0.1
1 0.42734375 0.3078125 0.0609375 0.07890625
1 0.384375 0.33203125 0.0609375 0.1015625
1 0.3921875 0.41875 0.07265625 0.115625
1 0.359375 0.53046875 0.09921875 0.140625
1 0.553125 0.2515625 0.05390625 0.1046875
1 0.68671875 0.25546875 0.06171875 0.09140625
1 0.559375 0.29765625 0.05390625 0.08984375
1 0.7171875 0.30625 0.05703125 0.09140625
1 0.584375 0.359375 0.0421875 0.1140625
1 0.77578125 0.3578125 0.0765625 0.1078125
1 0.621875 0.45078125 0.08125 0.1171875
1 0.88515625 0.46875 0.11015625 0.0984375
1 0.68828125 0.603125 0.13203125 0.17890625
1 0.92421875 0.596875 0.1265625 0.19765625