1 0.0390625 0.33671875 0.078125 0.259375
1 0.17421875 0.25859375 0.1 0.19921875
1 0.27421875 0.19921875 0.08125 0.07109375
0 0.37890625 0.18828125 0.0671875 0.1359375
0 0.58671875 0.2015625 0.05703125 0.140625
1 0.4984375 0.1984375 0.0875 0.17734375
1 0.42265625 0.30078125 0.09375 0.16640625
1 0.30546875 0.38984375 0.109375 0.2703125
1 0.7953125 0.69609375 0.1703125 0.44765625
1 0.82265625 0.390625 0.071875 0.1515625
1 0.87109375 0.246875 0.06015625 0.1453125
1 0.9046875 0.18203125 0.05390625 0.16640625