1 0.06953125 0.42265625 0.121875 0.228125
1 0.18046875 0.36640625 0.09375 0.17734375
1 0.28515625 0.3203125 0.071875 0.140625
1 0.428125 0.3171875 0.0609375 0.09140625
1 0.5890625 0.37421875 0.07265625 0.140625
1 0.51875 0.3875 0.08515625 0.16640625
1 0.44609375 0.4640625 0.109375 0.2203125
0 0.3078125 0.484375 0.11171875 0.29609375
1 0.75625 0.81953125 0.2734375 0.3609375
1 0.83515625 0.61484375 0.1578125 0.28515625
1 0.87734375 0.47890625 0.109375 0.2203125
1 0.9140625 0.37890625 0.0609375 0.18359375