1 0.0953125 0.59765625 0.13125 0.125
1 0.16015625 0.46640625 0.09140625 0.1296875
1 0.2265625 0.37421875 0.0609375 0.096875
1 0.27421875 0.34921875 0.0515625 0.06015625
1 0.42265625 0.3546875 0.05234375 0.05859375
1 0.396875 0.3796875 0.0671875 0.08671875
1 0.4015625 0.45 0.07578125 0.11875
1 0.37109375 0.5359375 0.07578125 0.11875
1 0.5625 0.30078125 0.0328125 0.07109375
1 0.56328125 0.35234375 0.0515625 0.07578125
1 0.59921875 0.38203125 0.03984375 0.103125
1 0.63203125 0.4703125 0.07578125 0.1296875
1 0.68984375 0.621875 0.10625 0.1515625
1 0.69609375 0.32578125 0.028125 0.06484375
1 0.7328125 0.3203125 0.0328125 0.07578125
1 0.79609375 0.3734375 0.0703125 0.06484375
1 0.8953125 0.47421875 0.103125 0.09140625
1 0.94296875 0.5875 0.1140625 0.18828125