1 0.0921875 0.57734375 0.10234375 0.16640625
1 0.1421875 0.453125 0.0875 0.134375
1 0.20546875 0.37109375 0.05703125 0.09140625
1 0.25859375 0.33671875 0.0484375 0.06484375
1 0.41875 0.3421875 0.03984375 0.06328125
1 0.38359375 0.37421875 0.065625 0.10625
1 0.39921875 0.4578125 0.0546875 0.103125
0 0.3546875 0.54140625 0.07578125 0.19453125
1 0.553125 0.2796875 0.03046875 0.05859375
1 0.55625 0.33359375 0.0484375 0.08046875
1 0.5953125 0.38203125 0.0515625 0.09140625
1 0.62578125 0.4765625 0.0875 0.1296875
1 0.6890625 0.63359375 0.1 0.15
0 0.6875 0.29296875 0.0296875 0.07421875
1 0.71484375 0.3265625 0.06015625 0.07578125
1 0.77734375 0.38203125 0.0875 0.09140625
1 0.88515625 0.48203125 0.121875 0.07578125
1 0.92578125 0.590625 0.1484375 0.140625