1 0.0796875 0.62265625 0.1328125 0.140625
1 0.14453125 0.4875 0.0828125 0.1296875
1 0.20546875 0.41484375 0.0703125 0.1015625
1 0.25234375 0.375 0.065625 0.07421875
1 0.4078125 0.3859375 0.0484375 0.07421875
1 0.3875 0.4046875 0.0578125 0.09296875
0 0.3859375 0.49296875 0.0671875 0.096875
1 0.35859375 0.5859375 0.071875 0.140625
1 0.54453125 0.3234375 0.0484375 0.06953125
1 0.553125 0.371875 0.0484375 0.05859375
1 0.58515625 0.409375 0.0640625 0.09140625
1 0.61953125 0.50703125 0.096875 0.134375
1 0.6890625 0.65390625 0.13125 0.134375
1 0.68671875 0.31796875 0.0484375 0.07109375
1 0.71171875 0.3671875 0.0546875 0.08046875
1 0.7734375 0.40625 0.05703125 0.07578125
1 0.8734375 0.5125 0.10703125 0.09296875
1 0.92890625 0.5984375 0.1421875 0.1453125