1 0.1328125 0.4953125 0.11796875 0.20703125
1 0.26015625 0.45 0.08828125 0.18984375
1 0.371875 0.40859375 0.07265625 0.1078125
0 0.4671875 0.40390625 0.06953125 0.128125
0 0.66015625 0.4625 0.07890625 0.140625
1 0.58515625 0.46875 0.10703125 0.16171875
1 0.48671875 0.52578125 0.096875 0.17734375
1 0.37421875 0.58984375 0.103125 0.28671875
1 0.796875 0.87890625 0.18203125 0.2265625
1 0.909375 0.6953125 0.12734375 0.20546875
1 0.94609375 0.54921875 0.0671875 0.1515625
1 0.98046875 0.446875 0.0390625 0.128125