1 0.08125 0.62734375 0.09140625 0.16484375
1 0.14140625 0.48828125 0.06796875 0.13125
1 0.21328125 0.41015625 0.05703125 0.1234375
1 0.26875 0.3828125 0.0484375 0.0984375
1 0.42265625 0.40078125 0.0734375 0.1
1 0.384375 0.41796875 0.05703125 0.07734375
1 0.38984375 0.50390625 0.0640625 0.125
1 0.35625 0.5984375 0.0765625 0.16015625
1 0.56015625 0.35 0.04609375 0.07734375
1 0.690625 0.34609375 0.0375 0.08203125
1 0.55390625 0.3984375 0.04765625 0.08359375
1 0.70390625 0.384375 0.053125 0.08359375
1 0.5859375 0.45078125 0.059375 0.08984375
1 0.76640625 0.434375 0.07734375 0.1125
1 0.625 0.540625 0.10625 0.125
1 0.88046875 0.51328125 0.09296875 0.08515625
1 0.678125 0.696875 0.11796875 0.18046875
1 0.92734375 0.64453125 0.13125 0.19609375