0 0.05546875 0.39140625 0.0859375 0.2796875
0 0.2890625 0.45859375 0.128125 0.31796875
1 0.15859375 0.3046875 0.09140625 0.2796875
1 0.25078125 0.25078125 0.08125 0.096875
1 0.37578125 0.24765625 0.06953125 0.1125
1 0.49375 0.29140625 0.06953125 0.1234375
1 0.5703125 0.30703125 0.06953125 0.1359375
1 0.41171875 0.403125 0.10703125 0.19453125
1 0.70390625 0.74453125 0.196875 0.41484375
1 0.79765625 0.5046875 0.08828125 0.18203125
1 0.840625 0.35859375 0.0515625 0.15
1 0.89375 0.25078125 0.0546875 0.11875