1 0.0828125 0.490625 0.08515625 0.225
1 0.19765625 0.41796875 0.09140625 0.18828125
1 0.30859375 0.36328125 0.0578125 0.1125
1 0.42109375 0.353125 0.0515625 0.1140625
1 0.61015625 0.39453125 0.0703125 0.140625
1 0.54140625 0.41484375 0.07890625 0.1515625
1 0.46328125 0.4828125 0.09375 0.21015625
0 0.32890625 0.53125 0.12734375 0.28671875
1 0.75859375 0.81171875 0.228125 0.33984375
1 0.84296875 0.59921875 0.10703125 0.2703125
1 0.90546875 0.48203125 0.084375 0.2421875
1 0.93125 0.36875 0.06953125 0.18828125