1 0.090625 0.57734375 0.103125 0.1296875
1 0.1453125 0.4578125 0.07890625 0.140625
1 0.2125 0.3796875 0.0671875 0.1140625
1 0.2703125 0.34453125 0.0609375 0.096875
1 0.415625 0.35546875 0.0484375 0.07578125
1 0.3875 0.36953125 0.06953125 0.09140625
1 0.38984375 0.45625 0.0875 0.1125
0 0.34765625 0.56171875 0.103125 0.1515625
1 0.5484375 0.296875 0.0421875 0.06328125
1 0.559375 0.35625 0.0453125 0.08671875
1 0.5890625 0.41328125 0.05703125 0.1234375
1 0.6390625 0.515625 0.096875 0.1140625
1 0.66875 0.6328125 0.13046875 0.1515625
1 0.6875 0.3109375 0.0484375 0.06953125
1 0.715625 0.35859375 0.0609375 0.08203125
1 0.77578125 0.39921875 0.0671875 0.11875
1 0.871875 0.5 0.09453125 0.09296875
1 0.921875 0.615625 0.13359375 0.19453125