0 0.04375 0.3390625 0.08515625 0.2765625
1 0.165625 0.2609375 0.08515625 0.21640625
1 0.2578125 0.19296875 0.0765625 0.09296875
1 0.3703125 0.1984375 0.06953125 0.1125
1 0.578125 0.25234375 0.08515625 0.134375
1 0.50234375 0.2796875 0.06796875 0.1453125
1 0.425 0.34453125 0.10078125 0.21171875
0 0.27890625 0.3875 0.11171875 0.29609375
1 0.78203125 0.746875 0.2609375 0.3453125
1 0.83515625 0.46875 0.1359375 0.18828125
0 0.86640625 0.31171875 0.103125 0.1453125
1 0.90703125 0.21484375 0.0421875 0.07109375