1 0.0390625 0.33359375 0.078125 0.24375
1 0.15546875 0.2578125 0.11796875 0.21015625
1 0.25703125 0.17734375 0.071875 0.08046875
0 0.37265625 0.17421875 0.04765625 0.1078125
0 0.5828125 0.19921875 0.096875 0.1453125
1 0.503125 0.22265625 0.08515625 0.20546875
1 0.40625 0.29765625 0.096875 0.19453125
1 0.29375 0.3953125 0.121875 0.32421875
1 0.790625 0.6984375 0.31875 0.46484375
1 0.8015625 0.39296875 0.090625 0.17734375
1 0.8546875 0.2640625 0.0703125 0.253125
1 0.90546875 0.18203125 0.06328125 0.17890625