1 0.0828125 0.5125 0.08515625 0.1390625
1 0.128125 0.409375 0.09140625 0.140625
1 0.1859375 0.32109375 0.0609375 0.1015625
1 0.24765625 0.278125 0.07578125 0.09296875
1 0.4 0.2796875 0.05703125 0.08671875
1 0.37421875 0.315625 0.05390625 0.1125
1 0.37265625 0.3984375 0.07578125 0.1296875
0 0.303125 0.490625 0.10625 0.2375
1 0.6671875 0.590625 0.13125 0.16796875
1 0.6140625 0.43671875 0.07890625 0.1078125
1 0.58359375 0.353125 0.0671875 0.09296875
1 0.5484375 0.28515625 0.03984375 0.06484375
1 0.53984375 0.22265625 0.0515625 0.06953125
1 0.6703125 0.22578125 0.0328125 0.08515625
1 0.71171875 0.27265625 0.06015625 0.09140625
1 0.778125 0.33671875 0.07890625 0.1015625
1 0.86953125 0.43359375 0.103125 0.08046875
1 0.9046875 0.56875 0.13046875 0.15625