1 0.1078125 0.490625 0.0828125 0.2375
1 0.2234375 0.41796875 0.0875 0.18828125
0 0.35390625 0.546875 0.11796875 0.29765625
1 0.33125 0.3640625 0.0671875 0.1015625
1 0.4328125 0.35859375 0.05234375 0.1125
1 0.48046875 0.490625 0.103125 0.21640625
1 0.553125 0.4015625 0.08515625 0.16640625
1 0.63046875 0.390625 0.0703125 0.1453125
1 0.80703125 0.815625 0.23359375 0.36875
1 0.87265625 0.59609375 0.13359375 0.2765625
1 0.92265625 0.471875 0.09375 0.20078125
1 0.96015625 0.37421875 0.071875 0.17734375