0 0.09140625 0.30390625 0.11484375 0.253125
0 0.35078125 0.37578125 0.11953125 0.33828125
1 0.21875 0.21875 0.0921875 0.2234375
1 0.4890625 0.309375 0.0890625 0.2421875
1 0.321875 0.1703125 0.07890625 0.17109375
0 0.4265625 0.16328125 0.0484375 0.1421875
0 0.6390625 0.21015625 0.071875 0.17890625
1 0.54453125 0.22734375 0.10078125 0.18359375
1 0.9640625 0.16015625 0.06328125 0.16953125
1 0.91484375 0.2828125 0.1265625 0.18671875
1 0.8765625 0.41875 0.153125 0.21796875
1 0.85 0.6234375 0.25625 0.3640625