1 0.0890625 0.64140625 0.13984375 0.15625
1 0.15078125 0.509375 0.10078125 0.1296875
1 0.21015625 0.4390625 0.0671875 0.10625
1 0.27734375 0.3984375 0.0546875 0.08046875
1 0.4203125 0.4046875 0.0546875 0.07109375
1 0.38828125 0.43359375 0.05703125 0.08671875
1 0.396875 0.4984375 0.07578125 0.0953125
1 0.3578125 0.61171875 0.1125 0.140625
1 0.55859375 0.34921875 0.03359375 0.06015625
1 0.5578125 0.40625 0.03984375 0.06484375
1 0.58515625 0.45234375 0.07578125 0.07109375
1 0.634375 0.5359375 0.09375 0.096875
1 0.690625 0.67109375 0.1515625 0.1515625
1 0.690625 0.34921875 0.0359375 0.09140625
1 0.72421875 0.37421875 0.0609375 0.07578125
1 0.77578125 0.42265625 0.0671875 0.06484375
1 0.88046875 0.5203125 0.0875 0.06484375
1 0.91875 0.61953125 0.109375 0.17734375