1 0.40546875 0.61640625 0.15390625 0.34375
1 0.228125 0.54453125 0.10390625 0.2234375
1 0.10234375 0.4890625 0.06796875 0.1609375
1 0.0578125 0.5109375 0.06328125 0.1265625
1 0.28203125 0.46484375 0.07265625 0.1453125
1 0.3546875 0.48515625 0.0578125 0.12890625
1 0.459375 0.48984375 0.06953125 0.178125
1 0.59296875 0.5578125 0.10703125 0.32265625
1 0.8078125 0.61953125 0.1359375 0.4796875
1 0.93671875 0.4765625 0.1234375 0.29609375
1 0.66015625 0.4609375 0.07578125 0.19921875
1 0.53671875 0.453125 0.07265625 0.16015625
1 0.4796875 0.4296875 0.0703125 0.1421875