1 0.1125 0.5765625 0.109375 0.16171875
1 0.1796875 0.44375 0.08515625 0.1125
1 0.23125 0.36484375 0.0484375 0.096875
0 0.2890625 0.33125 0.03671875 0.09140625
1 0.44375 0.3421875 0.0546875 0.06953125
1 0.4046875 0.37890625 0.08515625 0.1125
0 0.41640625 0.46015625 0.08515625 0.1015625
0 0.384375 0.52265625 0.10625 0.18359375
1 0.57734375 0.28671875 0.0484375 0.07109375
1 0.57421875 0.3359375 0.0546875 0.06015625
1 0.61015625 0.3765625 0.06328125 0.0953125
1 0.64765625 0.4546875 0.08515625 0.1125
1 0.7203125 0.60546875 0.12734375 0.16796875
1 0.71171875 0.2984375 0.04765625 0.06953125
1 0.74140625 0.33359375 0.06015625 0.08671875
1 0.80390625 0.37578125 0.07578125 0.096875
1 0.91640625 0.4703125 0.1 0.1015625
1 0.9484375 0.56796875 0.103125 0.15703125