0 0.0390625 0.3984375 0.078125 0.29609375
1 0.11875 0.30625 0.08828125 0.2203125
1 0.2234375 0.2171875 0.0671875 0.16171875
0 0.33203125 0.22265625 0.06328125 0.10625
0 0.54765625 0.24375 0.0828125 0.1296875
1 0.459375 0.26953125 0.08828125 0.16796875
1 0.39140625 0.35234375 0.121875 0.18359375
1 0.27265625 0.42265625 0.1390625 0.31171875
1 0.7328125 0.7125 0.25859375 0.35
1 0.775 0.4609375 0.1546875 0.17109375
1 0.81015625 0.2984375 0.09609375 0.18359375
1 0.85546875 0.19609375 0.0671875 0.1515625