1 0.08046875 0.5828125 0.11796875 0.15
1 0.15390625 0.45546875 0.08359375 0.1296875
1 0.21328125 0.3765625 0.05390625 0.1109375
1 0.25703125 0.3484375 0.0359375 0.07421875
1 0.4234375 0.35390625 0.0421875 0.07265625
1 0.39140625 0.365625 0.04765625 0.07734375
0 0.39140625 0.4453125 0.07265625 0.121875
1 0.3640625 0.5671875 0.0890625 0.15625
1 0.5546875 0.290625 0.03828125 0.07578125
1 0.68203125 0.3 0.0453125 0.07578125
1 0.55078125 0.3453125 0.04765625 0.05234375
1 0.71328125 0.33828125 0.059375 0.1046875
1 0.58828125 0.38203125 0.0453125 0.109375
1 0.78359375 0.4 0.05390625 0.1078125
1 0.63203125 0.48203125 0.065625 0.09375
1 0.89296875 0.48046875 0.06875 0.13125
1 0.69296875 0.65234375 0.121875 0.18671875
1 0.92109375 0.6390625 0.13046875 0.20703125