1 0.06640625 0.52578125 0.1328125 0.20546875
1 0.20234375 0.5828125 0.13984375 0.2421875
1 0.26328125 0.4640625 0.06015625 0.1125
1 0.32578125 0.496875 0.06328125 0.1015625
1 0.38359375 0.571875 0.0828125 0.2640625
1 0.43828125 0.50234375 0.0515625 0.15625
1 0.4515625 0.42578125 0.0359375 0.09296875
1 0.5078125 0.4796875 0.05703125 0.1015625
1 0.634375 0.47421875 0.0546875 0.09140625
1 0.57734375 0.5421875 0.1 0.16171875
1 0.771875 0.55546875 0.12421875 0.221875
1 0.90546875 0.515625 0.11171875 0.21640625