1 0.0765625 0.4765625 0.121875 0.253125
1 0.1921875 0.390625 0.096875 0.16640625
1 0.30703125 0.36640625 0.0609375 0.11875
1 0.41328125 0.35234375 0.08515625 0.134375
1 0.60234375 0.38515625 0.0734375 0.134375
1 0.52265625 0.41484375 0.0734375 0.17265625
1 0.459375 0.490625 0.090625 0.21640625
0 0.32421875 0.52890625 0.11171875 0.29140625
1 0.7703125 0.8265625 0.26484375 0.346875
1 0.834375 0.59375 0.10703125 0.2359375
1 0.89765625 0.50625 0.0828125 0.2375
1 0.92421875 0.3796875 0.071875 0.16640625