1 0.05390625 0.43046875 0.10703125 0.2703125
1 0.1453125 0.3609375 0.08125 0.19453125
1 0.2546875 0.3046875 0.0765625 0.103125
1 0.34921875 0.27734375 0.08125 0.125
1 0.55390625 0.3203125 0.07265625 0.15625
1 0.49140625 0.3609375 0.09375 0.1515625
1 0.4125 0.4421875 0.11796875 0.19609375
1 0.27109375 0.4765625 0.1328125 0.28671875
1 0.72734375 0.77421875 0.29765625 0.41484375
1 0.7953125 0.53125 0.1921875 0.2546875
1 0.8578125 0.4171875 0.096875 0.21171875
1 0.8921875 0.2984375 0.0640625 0.17734375