1 0.09296875 0.4578125 0.0484375 0.11875
1 0.1453125 0.48671875 0.090625 0.17734375
1 0.28203125 0.53828125 0.115625 0.18203125
1 0.31953125 0.44375 0.05703125 0.134375
0 0.40625 0.565625 0.109375 0.30078125
1 0.47421875 0.4328125 0.03359375 0.06015625
1 0.5140625 0.484375 0.0640625 0.1296875
1 0.5640625 0.44140625 0.0484375 0.1078125
1 0.634375 0.5109375 0.09609375 0.1515625
1 0.69765625 0.4609375 0.0484375 0.09140625
1 0.853125 0.54375 0.13984375 0.2484375
1 0.9578125 0.52421875 0.084375 0.1671875