1 0.1109375 0.5515625 0.1 0.19609375
0 0.1671875 0.446875 0.07578125 0.16484375
0 0.34375 0.5296875 0.0796875 0.17265625
0 0.290625 0.32734375 0.04375 0.1078125
1 0.23125 0.37109375 0.06484375 0.121875
1 0.40390625 0.44609375 0.0625 0.1140625
1 0.4015625 0.35703125 0.04375 0.09375
1 0.42421875 0.33203125 0.04375 0.07734375
1 0.575 0.2875 0.03828125 0.06640625
1 0.57578125 0.3484375 0.0390625 0.08046875
1 0.6 0.3859375 0.06875 0.1046875
1 0.6359375 0.4828125 0.07265625 0.1171875
1 0.70078125 0.64765625 0.1125 0.17734375
1 0.70703125 0.29921875 0.0421875 0.06484375
1 0.73203125 0.3328125 0.04765625 0.09140625
1 0.78984375 0.38203125 0.06953125 0.121875
1 0.909375 0.47734375 0.10234375 0.103125
1 0.95 0.61953125 0.1 0.2484375