1 0.06015625 0.46640625 0.0875 0.21640625
1 0.203125 0.41015625 0.08125 0.18828125
1 0.31171875 0.334375 0.07578125 0.09140625
1 0.43984375 0.340625 0.07578125 0.1125
1 0.59921875 0.39140625 0.09140625 0.15
1 0.53828125 0.41484375 0.0859375 0.16640625
1 0.45546875 0.471875 0.09453125 0.18203125
0 0.34609375 0.53125 0.11171875 0.30390625
1 0.7453125 0.8203125 0.24921875 0.30703125
1 0.86015625 0.62109375 0.14609375 0.2640625
1 0.90625 0.51796875 0.096875 0.2421875
1 0.93828125 0.39453125 0.06953125 0.17734375