1 0.08671875 0.56171875 0.1421875 0.16953125
1 0.1453125 0.43828125 0.10390625 0.1390625
1 0.2078125 0.35078125 0.06171875 0.134375
1 0.26484375 0.31015625 0.0484375 0.0953125
1 0.421875 0.3328125 0.065625 0.06640625
1 0.39609375 0.36328125 0.0640625 0.103125
1 0.38984375 0.44375 0.08125 0.103125
1 0.36015625 0.55390625 0.0953125 0.1421875
1 0.553125 0.2828125 0.03984375 0.07578125
1 0.69765625 0.28203125 0.0421875 0.07421875
1 0.5609375 0.33359375 0.0421875 0.06484375
1 0.58515625 0.38359375 0.0546875 0.103125
1 0.6234375 0.4734375 0.0796875 0.1265625
1 0.6859375 0.6484375 0.096875 0.20703125
1 0.93984375 0.596875 0.0953125 0.20078125
1 0.884375 0.48203125 0.06875 0.096875
0 0.775 0.3890625 0.0734375 0.1421875
1 0.715625 0.3328125 0.0578125 0.09140625