0 0.0859375 0.55859375 0.1234375 0.18515625
1 0.3671875 0.55078125 0.08515625 0.1515625
1 0.15078125 0.43984375 0.0828125 0.1484375
1 0.21328125 0.3546875 0.0609375 0.1203125
1 0.26875 0.31953125 0.03203125 0.08984375
1 0.41484375 0.32578125 0.04609375 0.07734375
1 0.38984375 0.35234375 0.05 0.08828125
1 0.38984375 0.44140625 0.08125 0.0984375
1 0.55390625 0.2875 0.0453125 0.08515625
1 0.6921875 0.28828125 0.0375 0.08359375
1 0.55703125 0.3375 0.0484375 0.06640625
1 0.7109375 0.3234375 0.03984375 0.09140625
1 0.5796875 0.38046875 0.059375 0.11875
1 0.77421875 0.371875 0.071875 0.1234375
1 0.62421875 0.490625 0.103125 0.1328125
1 0.875 0.471875 0.09375 0.09296875
1 0.68671875 0.63515625 0.1109375 0.17421875
1 0.928125 0.6125 0.115625 0.225