1 0.10625 0.31953125 0.12734375 0.275
1 0.23125 0.225 0.09140625 0.19453125
1 0.33359375 0.14453125 0.05703125 0.08515625
0 0.43984375 0.16328125 0.04609375 0.1140625
1 0.64140625 0.18984375 0.09140625 0.1359375
1 0.5703125 0.2328125 0.08125 0.18828125
1 0.47578125 0.290625 0.10078125 0.18359375
0 0.36953125 0.3609375 0.1359375 0.3453125
1 0.80234375 0.6734375 0.3390625 0.46484375
1 0.91328125 0.41640625 0.1546875 0.23125
0 0.9453125 0.27109375 0.109375 0.2203125
1 0.96796875 0.1390625 0.06328125 0.1296875