1 0.06484375 0.5703125 0.11640625 0.20546875
1 0.35859375 0.5515625 0.09296875 0.17109375
1 0.14375 0.4421875 0.090625 0.146875
1 0.39296875 0.43828125 0.0828125 0.1265625
1 0.2078125 0.365625 0.0671875 0.1203125
1 0.2640625 0.33125 0.0453125 0.08515625
1 0.38203125 0.3515625 0.0515625 0.08359375
1 0.41328125 0.32109375 0.05390625 0.0953125
1 0.5640625 0.28359375 0.0515625 0.07109375
1 0.6890625 0.2859375 0.0484375 0.07890625
1 0.5546875 0.33671875 0.06953125 0.07109375
1 0.7125 0.3390625 0.0703125 0.07890625
1 0.5796875 0.4015625 0.04765625 0.1109375
1 0.78203125 0.3734375 0.075 0.1171875
1 0.61953125 0.46875 0.08046875 0.14375
1 0.88828125 0.48984375 0.0921875 0.103125
1 0.68671875 0.646875 0.13359375 0.18828125
1 0.92734375 0.61953125 0.11796875 0.21796875