1 0.0859375 0.59765625 0.1390625 0.17734375
1 0.1359375 0.4578125 0.0875 0.1125
1 0.20234375 0.38203125 0.06328125 0.1125
1 0.24921875 0.3515625 0.0546875 0.08671875
1 0.41171875 0.3625 0.0484375 0.08671875
1 0.38046875 0.37734375 0.0671875 0.09140625
1 0.38828125 0.46875 0.06953125 0.1125
0 0.34296875 0.53359375 0.1125 0.18828125
1 0.54921875 0.303125 0.04609375 0.07578125
1 0.53984375 0.35234375 0.0453125 0.08515625
1 0.584375 0.40390625 0.07265625 0.09140625
1 0.6203125 0.4953125 0.090625 0.08046875
1 0.6734375 0.625 0.1421875 0.1453125
0 0.6828125 0.2984375 0.0453125 0.096875
1 0.70703125 0.3390625 0.04609375 0.06953125
1 0.76953125 0.390625 0.0671875 0.08671875
1 0.871875 0.49375 0.11796875 0.08671875
1 0.91328125 0.61953125 0.17265625 0.19921875