1 0.1125 0.5984375 0.115625 0.16015625
1 0.17265625 0.46015625 0.0734375 0.1265625
1 0.2296875 0.378125 0.06328125 0.1046875
1 0.27890625 0.33984375 0.04765625 0.09296875
1 0.421875 0.35234375 0.065625 0.07578125
1 0.4 0.37421875 0.0671875 0.09375
1 0.4 0.4578125 0.065625 0.103125
1 0.3828125 0.54921875 0.07265625 0.17578125
1 0.56484375 0.28984375 0.0421875 0.07109375
1 0.57265625 0.34765625 0.04765625 0.07890625
1 0.60078125 0.38359375 0.0609375 0.11875
1 0.63125 0.475 0.0828125 0.1390625
1 0.6984375 0.64765625 0.1 0.18046875
1 0.70078125 0.3078125 0.04140625 0.07578125
1 0.73515625 0.3328125 0.05390625 0.096875
1 0.790625 0.3828125 0.0765625 0.1296875
1 0.90546875 0.48515625 0.0953125 0.10625
1 0.9421875 0.6109375 0.115625 0.26875