0 0.084375 0.54375 0.121875 0.16796875
1 0.15546875 0.43359375 0.08828125 0.1078125
1 0.21640625 0.36015625 0.0453125 0.1125
1 0.26328125 0.328125 0.0546875 0.06953125
1 0.41953125 0.32578125 0.0515625 0.06484375
1 0.39375 0.346875 0.04140625 0.07421875
1 0.39375 0.4171875 0.090625 0.10625
1 0.5578125 0.271875 0.0484375 0.05234375
1 0.5640625 0.31484375 0.0421875 0.06484375
1 0.58515625 0.36796875 0.0421875 0.096875
1 0.6296875 0.44453125 0.0765625 0.1078125
1 0.68828125 0.61171875 0.109375 0.140625
1 0.69140625 0.26875 0.0578125 0.05859375
1 0.7203125 0.3171875 0.0484375 0.06953125
1 0.78125 0.36640625 0.096875 0.06953125
1 0.8796875 0.47734375 0.11875 0.096875
1 0.9296875 0.57578125 0.140625 0.1890625
1 0.37421875 0.52890625 0.09453125 0.17734375