1 0.0390625 0.51015625 0.078125 0.21796875
1 0.1609375 0.4421875 0.109375 0.18984375
1 0.28359375 0.38046875 0.0703125 0.140625
1 0.4140625 0.36953125 0.08125 0.11875
1 0.56796875 0.40625 0.07265625 0.140625
1 0.51015625 0.43671875 0.07890625 0.1453125
1 0.43359375 0.50703125 0.09140625 0.17734375
0 0.32890625 0.56953125 0.09375 0.32421875
1 0.696875 0.83359375 0.21640625 0.30234375
1 0.803125 0.64296875 0.1671875 0.2546875
1 0.85625 0.5078125 0.10859375 0.21015625
1 0.90625 0.4015625 0.06953125 0.17265625