0 0.1296875 0.5109375 0.1 0.18828125
1 0.1578125 0.39921875 0.08671875 0.146875
1 0.21953125 0.34375 0.053125 0.1109375
1 0.27109375 0.30234375 0.03671875 0.08046875
1 0.428125 0.30703125 0.0453125 0.07421875
1 0.3921875 0.3359375 0.05546875 0.09140625
1 0.39921875 0.41640625 0.06171875 0.1046875
1 0.3640625 0.51328125 0.08046875 0.15859375
1 0.56484375 0.2625 0.04375 0.08671875
0 0.7 0.25625 0.0390625 0.0984375
1 0.565625 0.3078125 0.0484375 0.096875
1 0.7234375 0.30546875 0.04453125 0.08671875
1 0.590625 0.359375 0.04921875 0.1109375
1 0.79453125 0.3578125 0.06484375 0.1015625
1 0.6421875 0.4515625 0.09453125 0.13125
1 0.903125 0.46796875 0.06953125 0.1265625
1 0.69296875 0.6125 0.1453125 0.17578125
1 0.9359375 0.56953125 0.1078125 0.225