0 0.075 0.43046875 0.13984375 0.19453125
1 0.20859375 0.35234375 0.0984375 0.16796875
1 0.32578125 0.28671875 0.05234375 0.09296875
1 0.42578125 0.28125 0.06328125 0.1125
0 0.621875 0.32578125 0.071875 0.1234375
1 0.53515625 0.33046875 0.0875 0.17890625
1 0.44140625 0.41875 0.09453125 0.18359375
0 0.3421875 0.48359375 0.103125 0.2703125
1 0.80390625 0.76015625 0.2671875 0.31328125
1 0.86171875 0.54375 0.121875 0.20546875
1 0.9046875 0.38515625 0.05546875 0.134375
1 0.95 0.31171875 0.0859375 0.16015625