1 0.0703125 0.35859375 0.13359375 0.2265625
1 0.20546875 0.26484375 0.10625 0.2203125
1 0.31484375 0.20546875 0.06953125 0.1453125
0 0.41484375 0.18046875 0.05703125 0.1296875
1 0.6140625 0.196875 0.09140625 0.140625
1 0.540625 0.20546875 0.096875 0.18828125
1 0.47578125 0.32109375 0.10625 0.16015625
1 0.334375 0.375 0.1703125 0.225
1 0.79765625 0.6265625 0.28828125 0.3609375
1 0.8359375 0.4 0.1390625 0.21015625
1 0.89765625 0.25859375 0.0828125 0.16796875
1 0.946875 0.1609375 0.0515625 0.16796875