0 0.05390625 0.39296875 0.1078125 0.2546875
1 0.1671875 0.28984375 0.08125 0.24375
1 0.26796875 0.246875 0.04609375 0.1015625
1 0.3859375 0.221875 0.06953125 0.1296875
1 0.58828125 0.25 0.07265625 0.1390625
1 0.50625 0.2828125 0.09140625 0.16171875
1 0.42890625 0.37109375 0.0875 0.2203125
1 0.31171875 0.40390625 0.121875 0.2765625
1 0.790625 0.67890625 0.29453125 0.3609375
1 0.81640625 0.44140625 0.09609375 0.1234375
1 0.86171875 0.30078125 0.0609375 0.16640625
1 0.896875 0.1765625 0.06953125 0.09140625