1 0.11015625 0.4234375 0.10703125 0.21796875
1 0.2375 0.36171875 0.09453125 0.19921875
1 0.3453125 0.3125 0.0609375 0.1125
0 0.45625 0.29921875 0.0703125 0.1296875
0 0.6421875 0.34453125 0.07578125 0.134375
1 0.565625 0.36328125 0.0828125 0.16171875
0 0.48203125 0.4390625 0.08515625 0.16171875
0 0.37421875 0.4828125 0.12421875 0.26875
1 0.81640625 0.7859375 0.23671875 0.42109375
1 0.87265625 0.53671875 0.08828125 0.19453125
1 0.91953125 0.42109375 0.071875 0.1234375
0 0.96796875 0.30390625 0.0546875 0.1078125