0 0.134375 0.26171875 0.10078125 0.2765625
0 0.29609375 0.3375 0.13203125 0.30078125
0 0.23125 0.14140625 0.08046875 0.17421875
1 0.49140625 0.25859375 0.09296875 0.2421875
1 0.34140625 0.12265625 0.0859375 0.15859375
1 0.440625 0.10625 0.07109375 0.1296875
1 0.5703125 0.1703125 0.10078125 0.19921875
0 0.6515625 0.1375 0.0828125 0.16640625
1 0.96875 0.13828125 0.0625 0.146875
1 0.9390625 0.20859375 0.10234375 0.16640625
1 0.91796875 0.3640625 0.1640625 0.215625
1 0.82578125 0.5875 0.1578125 0.45234375