1 0.1 0.5953125 0.13515625 0.16328125
1 0.15703125 0.4578125 0.0921875 0.16171875
1 0.22109375 0.38828125 0.0515625 0.121875
0 0.27421875 0.34921875 0.04765625 0.1
0 0.42265625 0.35859375 0.040625 0.06640625
1 0.39765625 0.38359375 0.0578125 0.08515625
1 0.4078125 0.46484375 0.078125 0.1109375
1 0.3671875 0.553125 0.09375 0.18359375
1 0.5609375 0.2984375 0.03828125 0.06953125
1 0.56796875 0.3515625 0.05703125 0.07734375
1 0.59453125 0.3921875 0.06171875 0.0984375
1 0.6359375 0.49296875 0.090625 0.153125
1 0.69375 0.66171875 0.1359375 0.20703125
1 0.6984375 0.309375 0.03359375 0.08828125
1 0.72734375 0.34609375 0.0484375 0.103125
1 0.79375 0.3921875 0.0765625 0.1265625
1 0.88828125 0.478125 0.0765625 0.1046875
1 0.92734375 0.5890625 0.10625 0.2765625