1 0.07421875 0.596875 0.1359375 0.1484375
1 0.1421875 0.4578125 0.08828125 0.1375
1 0.19609375 0.3734375 0.07890625 0.1015625
1 0.25078125 0.325 0.05390625 0.09140625
1 0.40859375 0.3359375 0.0390625 0.06953125
1 0.3796875 0.3640625 0.05390625 0.1015625
1 0.378125 0.44765625 0.059375 0.0953125
1 0.35078125 0.5578125 0.07578125 0.17734375
1 0.5421875 0.28046875 0.0515625 0.07890625
1 0.546875 0.32890625 0.04140625 0.08046875
1 0.57578125 0.36796875 0.05546875 0.121875
1 0.61875 0.4625 0.08515625 0.140625
1 0.6828125 0.61796875 0.12265625 0.18984375
1 0.68203125 0.29453125 0.046875 0.06796875
1 0.70234375 0.309375 0.0375 0.096875
1 0.76328125 0.36171875 0.065625 0.121875
1 0.865625 0.453125 0.09921875 0.10625
1 0.92109375 0.571875 0.115625 0.2546875