1 0.13828125 0.5328125 0.14140625 0.2203125
1 0.2796875 0.478125 0.10390625 0.234375
1 0.3875 0.484375 0.09453125 0.16640625
0 0.47421875 0.4578125 0.084375 0.16171875
1 0.68046875 0.534375 0.09296875 0.18046875
1 0.59765625 0.5203125 0.12421875 0.225
1 0.52421875 0.57109375 0.1578125 0.28359375
0 0.375 0.62734375 0.16484375 0.31015625
1 0.85625 0.83203125 0.2875 0.3359375
1 0.921875 0.74296875 0.15625 0.31015625
1 0.97109375 0.6609375 0.05703125 0.17421875
1 0.9578125 0.57265625 0.084375 0.17578125