1 0.10078125 0.53359375 0.11796875 0.16640625
1 0.15859375 0.4234375 0.08125 0.11875
1 0.2203125 0.33984375 0.0609375 0.1234375
1 0.26484375 0.290625 0.0515625 0.09140625
1 0.41953125 0.3171875 0.04609375 0.06015625
1 0.39296875 0.33671875 0.0515625 0.08671875
1 0.3984375 0.425 0.09375 0.125
1 0.37421875 0.53125 0.1 0.1390625
1 0.559375 0.25234375 0.03359375 0.06953125
1 0.5609375 0.309375 0.0421875 0.07578125
1 0.59453125 0.37109375 0.065625 0.1125
1 0.63515625 0.46328125 0.09375 0.1015625
1 0.68984375 0.59453125 0.11796875 0.140625
1 0.69296875 0.26875 0.04609375 0.07109375
1 0.71796875 0.30390625 0.05234375 0.07421875
1 0.784375 0.365625 0.07578125 0.1015625
1 0.88046875 0.46328125 0.109375 0.08046875
1 0.9328125 0.5578125 0.134375 0.14921875