1 0.0984375 0.578125 0.1375 0.146875
1 0.16328125 0.4640625 0.07890625 0.125
1 0.22578125 0.39140625 0.05234375 0.10625
1 0.275 0.35078125 0.0515625 0.09140625
1 0.421875 0.36328125 0.0484375 0.07578125
1 0.39296875 0.378125 0.0578125 0.09296875
1 0.39609375 0.471875 0.08125 0.1296875
1 0.371875 0.58046875 0.0875 0.1515625
1 0.55859375 0.3046875 0.0421875 0.05390625
1 0.56484375 0.35859375 0.03046875 0.07578125
1 0.5953125 0.4125 0.0546875 0.109375
1 0.64296875 0.5125 0.08515625 0.1234375
1 0.68125 0.6421875 0.1546875 0.17890625
1 0.6984375 0.31640625 0.0421875 0.06484375
1 0.71328125 0.35859375 0.065625 0.07578125
1 0.77890625 0.39375 0.08125 0.1015625
1 0.88359375 0.4984375 0.0796875 0.08671875
1 0.9328125 0.60625 0.134375 0.17265625