1 0.084375 0.4 0.11328125 0.2109375
1 0.21171875 0.33203125 0.10703125 0.1703125
1 0.31484375 0.2765625 0.0625 0.10859375
1 0.4234375 0.2734375 0.071875 0.1140625
1 0.6171875 0.31953125 0.07265625 0.1453125
1 0.54453125 0.3359375 0.0953125 0.16328125
1 0.48359375 0.41015625 0.08359375 0.2328125
1 0.35703125 0.46171875 0.11875 0.31484375
1 0.77578125 0.734375 0.2171875 0.40625
1 0.86875 0.54921875 0.1296875 0.24140625
1 0.921875 0.44921875 0.09296875 0.2046875
1 0.959375 0.34765625 0.08125 0.1484375