0 0.09609375 0.33125 0.09921875 0.2359375
0 0.35078125 0.3625 0.1 0.31484375
1 0.21796875 0.25546875 0.0796875 0.28203125
1 0.48515625 0.325 0.09609375 0.21484375
1 0.32265625 0.1859375 0.07578125 0.115625
0 0.42421875 0.18203125 0.05703125 0.1203125
0 0.6375 0.2140625 0.08125 0.140625
1 0.54609375 0.2421875 0.10078125 0.17578125
1 0.95390625 0.16796875 0.0828125 0.17265625
1 0.9109375 0.296875 0.09921875 0.18671875
1 0.88046875 0.4125 0.12265625 0.19921875
1 0.82109375 0.6328125 0.2515625 0.32734375