1 0.10078125 0.47109375 0.096875 0.18359375
1 0.21953125 0.4140625 0.07265625 0.17734375
1 0.33671875 0.3578125 0.06953125 0.1078125
0 0.44921875 0.34375 0.0578125 0.09296875
0 0.63515625 0.39296875 0.07265625 0.125
1 0.55546875 0.41171875 0.0828125 0.17265625
1 0.475 0.47109375 0.08515625 0.19296875
0 0.3546875 0.51484375 0.11875 0.2703125
1 0.7890625 0.81953125 0.234375 0.3609375
1 0.88671875 0.60078125 0.11171875 0.2484375
1 0.92109375 0.4578125 0.07890625 0.19921875
1 0.9640625 0.3796875 0.0671875 0.19453125