1 0.05234375 0.4859375 0.1046875 0.23125
1 0.16484375 0.409375 0.0875 0.17734375
1 0.275 0.33515625 0.07265625 0.1015625
1 0.39140625 0.3234375 0.06171875 0.09140625
1 0.5828125 0.36953125 0.065625 0.16171875
1 0.509375 0.4046875 0.09140625 0.15703125
1 0.42109375 0.4828125 0.0859375 0.19453125
0 0.3015625 0.53671875 0.11796875 0.30234375
0 0.690625 0.75546875 0.1796875 0.4890625
1 0.8234375 0.59375 0.16640625 0.2640625
1 0.85703125 0.459375 0.07578125 0.103125
1 0.85546875 0.3640625 0.0421875 0.06484375
1 0.8984375 0.35859375 0.0609375 0.16171875