0 0.0625 0.4546875 0.125 0.2640625
1 0.190625 0.35703125 0.1 0.2203125
1 0.2875 0.30859375 0.07578125 0.1359375
0 0.39375 0.29453125 0.05703125 0.1078125
1 0.59453125 0.3109375 0.06953125 0.16171875
1 0.5265625 0.328125 0.09140625 0.16171875
1 0.44453125 0.43828125 0.109375 0.21015625
0 0.315625 0.52578125 0.12421875 0.30703125
0 0.7921875 0.69609375 0.19453125 0.44765625
1 0.8515625 0.5046875 0.06953125 0.17265625
1 0.88984375 0.3671875 0.0609375 0.1359375
1 0.9109375 0.2484375 0.04765625 0.1015625