0 0.11640625 0.4203125 0.1015625 0.23203125
1 0.23515625 0.3296875 0.07265625 0.17578125
1 0.35078125 0.27578125 0.06015625 0.11796875
1 0.45390625 0.27578125 0.0578125 0.11796875
1 0.64609375 0.31796875 0.071875 0.140625
1 0.57734375 0.33515625 0.09296875 0.15546875
1 0.5140625 0.4046875 0.08671875 0.2109375
0 0.38984375 0.45390625 0.1046875 0.2890625
1 0.79765625 0.75 0.2375 0.43671875
1 0.90078125 0.54140625 0.1296875 0.28671875
1 0.946875 0.43125 0.10625 0.190625
1 0.9765625 0.3140625 0.04609375 0.10390625