0 0.0734375 0.5828125 0.14609375 0.17734375
1 0.14375 0.46875 0.07890625 0.1140625
1 0.20234375 0.378125 0.06328125 0.1015625
1 0.2546875 0.34765625 0.05703125 0.07578125
1 0.4015625 0.346875 0.0609375 0.06484375
1 0.37578125 0.38046875 0.06953125 0.07578125
1 0.38828125 0.45 0.0765625 0.096875
1 0.3640625 0.55625 0.08828125 0.15625
1 0.54140625 0.29375 0.03671875 0.07578125
1 0.54765625 0.34296875 0.0484375 0.07421875
1 0.58125 0.38046875 0.0671875 0.096875
1 0.625 0.47734375 0.08125 0.096875
1 0.69609375 0.615625 0.1578125 0.21015625
1 0.6796875 0.31015625 0.05234375 0.05234375
1 0.70546875 0.3234375 0.04140625 0.103125
1 0.77109375 0.375 0.09375 0.0953125
1 0.86171875 0.4671875 0.10625 0.07578125
1 0.9203125 0.58046875 0.1375 0.18203125