1 0.0984375 0.528125 0.10859375 0.16015625
0 0.35703125 0.50625 0.1078125 0.17265625
1 0.17109375 0.40625 0.09375 0.1265625
1 0.23125 0.33515625 0.0578125 0.1046875
1 0.2765625 0.29296875 0.0390625 0.08359375
1 0.42734375 0.30390625 0.05546875 0.06796875
1 0.4015625 0.35 0.0671875 0.08984375
1 0.4078125 0.41171875 0.0703125 0.0953125
1 0.57265625 0.24921875 0.0515625 0.08828125
1 0.71171875 0.259375 0.03671875 0.07734375
1 0.56875 0.30546875 0.0484375 0.06796875
1 0.72734375 0.30625 0.0578125 0.07578125
1 0.596875 0.35234375 0.046875 0.09140625
1 0.79609375 0.353125 0.06015625 0.09296875
1 0.640625 0.44375 0.078125 0.10625
1 0.90625 0.46484375 0.0796875 0.09296875
1 0.69453125 0.60234375 0.1328125 0.15
1 0.946875 0.5703125 0.10625 0.209375