1 0.06484375 0.4859375 0.10625 0.23125
1 0.19140625 0.41796875 0.09609375 0.21640625
1 0.3109375 0.35859375 0.0828125 0.140625
1 0.4078125 0.340625 0.06484375 0.125
1 0.59921875 0.38125 0.06796875 0.1328125
1 0.51328125 0.409375 0.08359375 0.16796875
1 0.4515625 0.4953125 0.10234375 0.18828125
0 0.31015625 0.53359375 0.1171875 0.271875
1 0.91796875 0.359375 0.08046875 0.17265625
1 0.88828125 0.49609375 0.08359375 0.18046875
1 0.8234375 0.58515625 0.1421875 0.225
1 0.771875 0.8015625 0.2046875 0.31015625