1 0.0890625 0.54375 0.13125 0.134375
1 0.36484375 0.51953125 0.10703125 0.13125
1 0.14765625 0.39296875 0.11171875 0.15859375
1 0.21640625 0.33125 0.0609375 0.10625
1 0.2671875 0.28984375 0.05 0.1078125
1 0.42109375 0.303125 0.04609375 0.07265625
1 0.396875 0.325 0.0640625 0.08515625
1 0.39375 0.4125 0.08046875 0.109375
1 0.5546875 0.2578125 0.05546875 0.0953125
1 0.70390625 0.2640625 0.04140625 0.07421875
1 0.5609375 0.32265625 0.0578125 0.08984375
1 0.72890625 0.30703125 0.0578125 0.08984375
1 0.5875 0.36640625 0.05625 0.09375
1 0.78828125 0.3703125 0.0796875 0.08984375
1 0.634375 0.46484375 0.08671875 0.1109375
1 0.89765625 0.46484375 0.0640625 0.1046875
1 0.690625 0.6234375 0.1421875 0.17578125
1 0.93671875 0.5828125 0.11953125 0.2296875