0 0.0640625 0.48515625 0.0703125 0.1140625
1 0.13828125 0.528125 0.1046875 0.2078125
1 0.2734375 0.5828125 0.11953125 0.18125
1 0.2890625 0.46640625 0.06953125 0.09375
0 0.365625 0.5 0.05546875 0.09765625
0 0.4078125 0.628125 0.0984375 0.3140625
1 0.446875 0.48125 0.04296875 0.071875
1 0.4828125 0.54296875 0.08203125 0.165625
1 0.5375 0.4921875 0.05234375 0.12421875
1 0.60859375 0.56875 0.078125 0.2171875
1 0.66953125 0.51796875 0.04921875 0.09375
1 0.83046875 0.64375 0.0984375 0.253125
1 0.94453125 0.61328125 0.1109375 0.2109375