1 0.08359375 0.54296875 0.10703125 0.17265625
1 0.16171875 0.41171875 0.090625 0.1234375
1 0.21796875 0.3359375 0.05703125 0.09140625
1 0.2734375 0.31171875 0.0484375 0.05234375
1 0.42265625 0.3203125 0.05390625 0.06953125
1 0.39140625 0.334375 0.06328125 0.096875
1 0.40859375 0.42734375 0.08125 0.1234375
1 0.36796875 0.5140625 0.090625 0.16640625
1 0.5640625 0.265625 0.03359375 0.05859375
1 0.56171875 0.31953125 0.0421875 0.05859375
1 0.5953125 0.36796875 0.03671875 0.103125
1 0.6265625 0.46328125 0.0734375 0.1078125
1 0.70234375 0.62421875 0.11484375 0.16171875
1 0.69921875 0.271875 0.0421875 0.05859375
1 0.725 0.32265625 0.05234375 0.07421875
1 0.79453125 0.37109375 0.0578125 0.08515625
1 0.8921875 0.484375 0.09375 0.08671875
1 0.9359375 0.5875 0.12734375 0.18359375