1 0.103125 0.58828125 0.13984375 0.1359375
1 0.16328125 0.46484375 0.071875 0.1359375
1 0.21875 0.39375 0.0484375 0.09296875
1 0.27890625 0.36640625 0.0546875 0.08203125
1 0.425 0.36328125 0.0546875 0.07578125
1 0.39453125 0.396875 0.0671875 0.08671875
1 0.39921875 0.4796875 0.08125 0.1015625
1 0.3703125 0.5859375 0.096875 0.140625
1 0.55703125 0.31875 0.0390625 0.06953125
1 0.565625 0.3671875 0.03984375 0.05859375
1 0.590625 0.41484375 0.0578125 0.1015625
1 0.6453125 0.50234375 0.09453125 0.125
1 0.6921875 0.6609375 0.13984375 0.18359375
1 0.696875 0.31640625 0.0453125 0.06484375
1 0.71640625 0.3609375 0.06015625 0.08046875
1 0.78984375 0.40625 0.0671875 0.096875
1 0.8890625 0.50703125 0.115625 0.08203125
1 0.94765625 0.60703125 0.10390625 0.18359375