0 0.09765625 0.29765625 0.1296875 0.271875
0 0.35625 0.35703125 0.1328125 0.3625
1 0.22578125 0.21484375 0.1 0.253125
1 0.32578125 0.1546875 0.04921875 0.1328125
1 0.49375 0.278125 0.07890625 0.20390625
1 0.56953125 0.21484375 0.08359375 0.17265625
0 0.43203125 0.16484375 0.0625 0.1140625
0 0.64140625 0.19609375 0.05546875 0.16640625
1 0.97578125 0.15546875 0.04765625 0.15
1 0.91484375 0.2296875 0.07265625 0.17265625
1 0.89609375 0.36796875 0.13828125 0.2203125
1 0.82890625 0.61015625 0.203125 0.371875