1 0.10234375 0.5703125 0.0921875 0.18359375
0 0.1609375 0.465625 0.07734375 0.153125
1 0.21796875 0.38671875 0.065625 0.103125
1 0.271875 0.34453125 0.05 0.08515625
1 0.42421875 0.3328125 0.04453125 0.07265625
1 0.39453125 0.3734375 0.0515625 0.06796875
1 0.3953125 0.46015625 0.046875 0.1078125
1 0.36171875 0.54609375 0.0828125 0.16953125
1 0.55703125 0.28515625 0.03671875 0.06796875
1 0.56015625 0.33359375 0.040625 0.06171875
1 0.59609375 0.37734375 0.06953125 0.10625
1 0.62578125 0.46953125 0.08359375 0.11875
1 0.6984375 0.6359375 0.1125 0.21015625
1 0.6984375 0.29140625 0.0265625 0.06796875
1 0.7140625 0.31640625 0.03203125 0.08671875
1 0.778125 0.36875 0.07734375 0.1109375
1 0.88984375 0.44765625 0.0640625 0.1078125
1 0.93671875 0.59140625 0.09140625 0.2375