1 0.07890625 0.603125 0.090625 0.19140625
1 0.14375 0.47421875 0.075 0.134375
1 0.2 0.390625 0.06328125 0.1078125
1 0.253125 0.3515625 0.0578125 0.08671875
1 0.41015625 0.35546875 0.04453125 0.08515625
1 0.37734375 0.38203125 0.05703125 0.08515625
1 0.37578125 0.45625 0.07265625 0.109375
1 0.3640625 0.55859375 0.078125 0.16328125
1 0.5453125 0.29609375 0.040625 0.08359375
1 0.54453125 0.34765625 0.04765625 0.08515625
1 0.57734375 0.39765625 0.05390625 0.109375
1 0.6125 0.46875 0.084375 0.115625
1 0.68828125 0.61953125 0.1515625 0.2390625
1 0.67734375 0.28515625 0.03828125 0.0953125
1 0.7015625 0.321875 0.053125 0.096875
1 0.76640625 0.37890625 0.0578125 0.1125
1 0.878125 0.46953125 0.07578125 0.11875
1 0.91484375 0.5796875 0.1109375 0.2296875