1 0.08203125 0.30546875 0.12421875 0.23125
1 0.2046875 0.2203125 0.0859375 0.18515625
1 0.31328125 0.19140625 0.0625 0.1140625
1 0.621875 0.2296875 0.07265625 0.1359375
1 0.5453125 0.24765625 0.07734375 0.16171875
1 0.46328125 0.328125 0.09375 0.18984375
1 0.95 0.1703125 0.06953125 0.09375
1 0.91875 0.28515625 0.084375 0.1453125
1 0.88359375 0.42421875 0.1734375 0.23125
1 0.79921875 0.6515625 0.24453125 0.33359375
0 0.3125 0.37109375 0.16171875 0.2640625
0 0.42109375 0.17265625 0.06328125 0.1109375