1 0.084375 0.54375 0.109375 0.11875
1 0.14140625 0.40859375 0.0875 0.1296875
1 0.21015625 0.34140625 0.0515625 0.09296875
1 0.2640625 0.31484375 0.03671875 0.05859375
1 0.41875 0.31640625 0.06015625 0.06484375
1 0.38828125 0.34375 0.0546875 0.08671875
1 0.38984375 0.421875 0.07578125 0.1125
1 0.3671875 0.51171875 0.065625 0.128125
1 0.55703125 0.265625 0.04609375 0.05859375
1 0.56171875 0.31171875 0.03671875 0.07421875
1 0.584375 0.3546875 0.0453125 0.08671875
1 0.6234375 0.4546875 0.07578125 0.09140625
1 0.68125 0.59453125 0.11796875 0.125
1 0.6921875 0.27421875 0.04765625 0.05390625
1 0.71328125 0.2953125 0.04140625 0.06328125
1 0.7875 0.3734375 0.0703125 0.08046875
1 0.87890625 0.4734375 0.09453125 0.06484375
1 0.925 0.584375 0.14921875 0.2203125