1 0.09140625 0.48984375 0.0828125 0.21171875
1 0.21640625 0.425 0.09375 0.17734375
1 0.32421875 0.3578125 0.0546875 0.0984375
1 0.43515625 0.33984375 0.06953125 0.09296875
0 0.621875 0.38203125 0.0671875 0.134375
1 0.55234375 0.4171875 0.096875 0.16171875
1 0.4640625 0.48203125 0.103125 0.2359375
1 0.3484375 0.54140625 0.09140625 0.28125
1 0.77265625 0.7953125 0.2640625 0.30078125
1 0.86015625 0.62265625 0.1375 0.2578125
1 0.9078125 0.47421875 0.09140625 0.21171875
1 0.953125 0.38203125 0.0609375 0.17734375