0 0.08828125 0.4140625 0.10078125 0.19296875
1 0.21171875 0.36328125 0.08515625 0.18984375
1 0.32265625 0.2953125 0.0703125 0.096875
1 0.42890625 0.29609375 0.05703125 0.1078125
0 0.6234375 0.3390625 0.0703125 0.128125
1 0.53515625 0.34375 0.1 0.16171875
1 0.4484375 0.43828125 0.07265625 0.16640625
0 0.3578125 0.4875 0.109375 0.31796875
1 0.81171875 0.81796875 0.2703125 0.3640625
1 0.8484375 0.54609375 0.1375 0.17890625
1 0.890625 0.39296875 0.05703125 0.128125
0 0.9546875 0.3171875 0.0828125 0.17109375