1 0.10390625 0.6109375 0.13125 0.1515625
1 0.1609375 0.4796875 0.09453125 0.1171875
1 0.22578125 0.40546875 0.06015625 0.096875
1 0.275 0.3765625 0.04765625 0.07734375
1 0.42265625 0.37578125 0.04921875 0.07265625
1 0.39921875 0.4109375 0.065625 0.08515625
1 0.39375 0.490625 0.078125 0.09296875
1 0.3640625 0.590625 0.090625 0.146875
1 0.559375 0.3234375 0.0484375 0.06953125
1 0.70625 0.32421875 0.03203125 0.06484375
1 0.56328125 0.37421875 0.04453125 0.07265625
1 0.71953125 0.36796875 0.0515625 0.08203125
1 0.59765625 0.42109375 0.06328125 0.1140625
1 0.7828125 0.41640625 0.065625 0.1171875
1 0.64453125 0.52578125 0.103125 0.1
1 0.89921875 0.51171875 0.11640625 0.10625
1 0.69375 0.68515625 0.1421875 0.19765625
1 0.940625 0.65234375 0.11875 0.2375