1 0.07578125 0.50703125 0.109375 0.16796875
1 0.13359375 0.3734375 0.07890625 0.1296875
1 0.196875 0.2921875 0.0671875 0.096875
1 0.2453125 0.26875 0.05390625 0.05859375
1 0.40546875 0.27734375 0.06953125 0.07578125
1 0.38046875 0.30703125 0.0703125 0.1015625
1 0.384375 0.3796875 0.0703125 0.1171875
1 0.3546875 0.48203125 0.090625 0.17109375
1 0.55078125 0.228125 0.0515625 0.06484375
1 0.55546875 0.27421875 0.0421875 0.06953125
1 0.5796875 0.3203125 0.07265625 0.10625
1 0.62578125 0.409375 0.07890625 0.09140625
1 0.6828125 0.57890625 0.109375 0.17265625
1 0.69375 0.21953125 0.03984375 0.08203125
1 0.71171875 0.28203125 0.0640625 0.08671875
1 0.76796875 0.33125 0.07265625 0.06640625
1 0.87421875 0.43046875 0.09140625 0.1015625
1 0.9078125 0.54921875 0.1390625 0.1234375