0 0.10078125 0.53203125 0.12421875 0.234375
1 0.13984375 0.4171875 0.0921875 0.19140625
1 0.2 0.35078125 0.07578125 0.1375
1 0.2515625 0.3078125 0.059375 0.1125
1 0.409375 0.3 0.0578125 0.096875
1 0.390625 0.33828125 0.06953125 0.1140625
1 0.37421875 0.4171875 0.08828125 0.153125
1 0.35546875 0.52578125 0.10703125 0.21796875
1 0.55 0.24765625 0.0640625 0.09375
1 0.56171875 0.3078125 0.0609375 0.1
1 0.57890625 0.39609375 0.078125 0.14375
1 0.621875 0.49609375 0.09375 0.146875
1 0.67421875 0.6515625 0.15078125 0.246875
1 0.68203125 0.23046875 0.046875 0.08515625
1 0.7296875 0.26640625 0.065625 0.11875
1 0.784375 0.3421875 0.0859375 0.15
1 0.8734375 0.48203125 0.121875 0.146875
1 0.91171875 0.6390625 0.1609375 0.240625