1 0.090625 0.5859375 0.1578125 0.17734375
1 0.15078125 0.453125 0.096875 0.140625
1 0.22421875 0.38203125 0.0609375 0.096875
1 0.2765625 0.34453125 0.05234375 0.07578125
1 0.42578125 0.36328125 0.0578125 0.06953125
1 0.39140625 0.38203125 0.0484375 0.096875
1 0.3953125 0.47109375 0.0828125 0.09140625
1 0.37109375 0.56953125 0.1 0.1234375
1 0.559375 0.315625 0.0515625 0.08203125
1 0.559375 0.36875 0.0515625 0.05859375
1 0.59140625 0.4046875 0.04765625 0.0953125
1 0.634375 0.51484375 0.103125 0.121875
1 0.690625 0.653125 0.11875 0.17265625
1 0.69453125 0.31484375 0.06015625 0.05859375
1 0.71328125 0.34765625 0.06015625 0.06953125
1 0.7828125 0.4015625 0.0671875 0.1015625
1 0.88125 0.509375 0.10703125 0.09296875
1 0.93828125 0.60703125 0.10859375 0.17734375