1 0.09296875 0.61640625 0.10078125 0.18359375
1 0.1609375 0.48203125 0.0609375 0.15625
0 0.2203125 0.40234375 0.053125 0.121875
0 0.26875 0.35703125 0.046875 0.096875
0 0.34375 0.57734375 0.10625 0.21875
1 0.3921875 0.46953125 0.07109375 0.121875
1 0.396875 0.396875 0.0484375 0.0984375
0 0.4234375 0.3578125 0.046875 0.08359375
1 0.55390625 0.3125 0.04921875 0.09140625
1 0.6984375 0.31484375 0.0359375 0.07421875
1 0.56171875 0.36640625 0.040625 0.08203125
1 0.59453125 0.41953125 0.04609375 0.07421875
1 0.634375 0.5109375 0.075 0.1109375
1 0.69765625 0.66640625 0.0953125 0.18828125
1 0.72578125 0.34921875 0.04140625 0.103125
1 0.77578125 0.39765625 0.04453125 0.1125
1 0.8984375 0.49453125 0.07109375 0.1375
1 0.93984375 0.6375 0.11015625 0.246875