1 0.09921875 0.5515625 0.1515625 0.15625
1 0.1578125 0.39296875 0.07890625 0.11875
1 0.21640625 0.3328125 0.0453125 0.13125
1 0.2671875 0.30859375 0.03046875 0.07109375
1 0.35703125 0.51171875 0.0765625 0.17421875
1 0.38984375 0.4140625 0.08125 0.10625
1 0.39140625 0.3328125 0.0484375 0.07578125
1 0.41875 0.30859375 0.0484375 0.08046875
1 0.565625 0.26328125 0.0640625 0.096875
1 0.56015625 0.3 0.0265625 0.07578125
1 0.5921875 0.346875 0.03671875 0.1234375
1 0.62578125 0.44375 0.09140625 0.09140625
1 0.6859375 0.6 0.13359375 0.1359375
1 0.6984375 0.25234375 0.071875 0.05390625
1 0.72265625 0.30546875 0.0546875 0.06484375
1 0.790625 0.3546875 0.08125 0.08671875
1 0.87890625 0.47109375 0.11171875 0.06953125
1 0.94140625 0.5671875 0.1171875 0.1875