1 0.0828125 0.5671875 0.1078125 0.16171875
1 0.15 0.42734375 0.0921875 0.1453125
1 0.20703125 0.334375 0.05625 0.115625
1 0.26328125 0.3046875 0.06328125 0.1
1 0.4140625 0.30390625 0.0640625 0.09296875
1 0.38203125 0.328125 0.0796875 0.096875
1 0.3921875 0.409375 0.0828125 0.1125
1 0.36015625 0.5328125 0.096875 0.14375
1 0.5484375 0.24921875 0.05234375 0.07890625
1 0.55859375 0.30390625 0.040625 0.07734375
1 0.5828125 0.36015625 0.03828125 0.1
1 0.6265625 0.44296875 0.07890625 0.1328125
1 0.68046875 0.59609375 0.1015625 0.20859375
1 0.696875 0.24453125 0.0375 0.07578125
1 0.7171875 0.30078125 0.04453125 0.0953125
1 0.78046875 0.3328125 0.071875 0.121875
1 0.88203125 0.4453125 0.078125 0.1
1 0.93671875 0.565625 0.11640625 0.2453125