1 0.07109375 0.5359375 0.1359375 0.153125
1 0.13828125 0.38203125 0.08125 0.1125
1 0.2046875 0.3015625 0.0578125 0.09140625
1 0.2515625 0.2875 0.05390625 0.07578125
1 0.41015625 0.284375 0.0546875 0.06953125
1 0.3875 0.3203125 0.0640625 0.07578125
1 0.38515625 0.39609375 0.07265625 0.08515625
1 0.3609375 0.4875 0.0671875 0.1390625
1 0.55390625 0.22734375 0.05234375 0.07578125
1 0.55390625 0.27734375 0.0390625 0.06328125
1 0.57890625 0.33125 0.0390625 0.096875
1 0.62578125 0.43671875 0.09609375 0.1234375
1 0.67578125 0.57421875 0.12421875 0.1296875
1 0.6890625 0.23046875 0.04140625 0.06953125
1 0.70546875 0.27421875 0.0640625 0.06015625
1 0.78203125 0.328125 0.0703125 0.08203125
1 0.86953125 0.4390625 0.09375 0.07578125
1 0.9203125 0.54140625 0.140625 0.18203125