1 0.096875 0.54921875 0.12421875 0.16640625
1 0.15234375 0.4359375 0.0671875 0.134375
1 0.21953125 0.35 0.0484375 0.1140625
1 0.2671875 0.31796875 0.0515625 0.08046875
1 0.3546875 0.53125 0.11796875 0.140625
1 0.39453125 0.4234375 0.07578125 0.096875
1 0.3953125 0.34609375 0.0453125 0.07578125
1 0.41484375 0.33203125 0.03671875 0.04921875
1 0.55859375 0.26875 0.0421875 0.07109375
1 0.56328125 0.328125 0.0390625 0.06953125
1 0.5984375 0.36015625 0.0484375 0.1125
1 0.63359375 0.4640625 0.0875 0.09140625
1 0.690625 0.60859375 0.11171875 0.146875
1 0.696875 0.275 0.03984375 0.08046875
1 0.72265625 0.3171875 0.0421875 0.06953125
1 0.78984375 0.3578125 0.07890625 0.1078125
1 0.88203125 0.465625 0.10625 0.07578125
1 0.93203125 0.571875 0.13359375 0.19921875