0 0.20625 0.65390625 0.10859375 0.2359375
1 0.31328125 0.61171875 0.09296875 0.2328125
1 0.41875 0.56953125 0.08671875 0.17265625
1 0.50703125 0.5515625 0.07265625 0.153125
1 0.7125 0.62265625 0.0828125 0.15625
1 0.63359375 0.634375 0.0828125 0.18828125
1 0.5515625 0.7125 0.11171875 0.2421875
0 0.4328125 0.75859375 0.12421875 0.30078125
1 0.89140625 0.91484375 0.2171875 0.1671875
1 0.94140625 0.884375 0.1171875 0.23125
1 0.965625 0.79375 0.06875 0.2125
1 0.97578125 0.70390625 0.0484375 0.20390625