1 0.1 0.5828125 0.1421875 0.16796875
1 0.16484375 0.4640625 0.08515625 0.134375
1 0.22109375 0.3921875 0.06953125 0.1078125
1 0.28203125 0.3578125 0.04609375 0.08671875
1 0.42890625 0.375 0.0421875 0.07421875
1 0.40390625 0.40625 0.05703125 0.096875
1 0.4078125 0.4796875 0.0546875 0.09296875
1 0.38046875 0.56328125 0.0671875 0.1515625
1 0.5671875 0.31796875 0.0390625 0.05859375
1 0.565625 0.36171875 0.0484375 0.04765625
1 0.59609375 0.42109375 0.065625 0.1140625
1 0.646875 0.51796875 0.08125 0.08203125
1 0.7046875 0.65625 0.13125 0.1390625
1 0.7046875 0.3125 0.0515625 0.06953125
1 0.7265625 0.3609375 0.0484375 0.08046875
1 0.78984375 0.4203125 0.07578125 0.134375
1 0.90625 0.50703125 0.096875 0.103125
1 0.9359375 0.64296875 0.12734375 0.2203125