1 0.0828125 0.5328125 0.13359375 0.15625
1 0.1453125 0.425 0.08125 0.125
1 0.2 0.33984375 0.06953125 0.1015625
1 0.253125 0.32265625 0.06015625 0.05859375
1 0.4109375 0.3171875 0.0546875 0.06953125
1 0.38359375 0.33359375 0.0484375 0.08046875
1 0.38828125 0.41171875 0.08828125 0.1171875
1 0.3625 0.5234375 0.09609375 0.1234375
1 0.54609375 0.25625 0.03359375 0.06484375
1 0.55546875 0.30625 0.0328125 0.04765625
1 0.5859375 0.3546875 0.0453125 0.1015625
1 0.625 0.453125 0.09375 0.125
1 0.690625 0.58203125 0.115625 0.1359375
1 0.6859375 0.2578125 0.0453125 0.08046875
1 0.7109375 0.29375 0.03984375 0.05390625
1 0.77109375 0.3578125 0.08125 0.06484375
1 0.88046875 0.453125 0.11171875 0.103125
1 0.92265625 0.56640625 0.1546875 0.1453125