0 0.071875 0.5421875 0.08125 0.18359375
0 0.3421875 0.615625 0.10078125 0.30859375
0 0.184375 0.48828125 0.05703125 0.140625
1 0.4578125 0.55078125 0.09453125 0.15703125
1 0.31015625 0.41640625 0.04765625 0.08046875
1 0.3984375 0.43046875 0.07265625 0.08671875
1 0.53671875 0.475 0.06328125 0.15703125
1 0.603125 0.46484375 0.0453125 0.09296875
1 0.934375 0.4078125 0.06328125 0.08515625
1 0.90390625 0.5 0.0703125 0.1296875
1 0.8703125 0.6515625 0.11796875 0.17265625
1 0.7890625 0.865625 0.215625 0.26875