1 0.084375 0.5859375 0.1546875 0.1125
1 0.14609375 0.4484375 0.08515625 0.13125
1 0.21015625 0.371875 0.07265625 0.1078125
1 0.26328125 0.34765625 0.05234375 0.08203125
1 0.41484375 0.35546875 0.03984375 0.05390625
1 0.38671875 0.37734375 0.0546875 0.07578125
1 0.39375 0.4625 0.0828125 0.1125
0 0.3359375 0.5421875 0.10625 0.19921875
1 0.55 0.3 0.03671875 0.06953125
1 0.5546875 0.34296875 0.0328125 0.07109375
1 0.58515625 0.39453125 0.03984375 0.096875
1 0.61875 0.46875 0.08125 0.08671875
1 0.66953125 0.61328125 0.13359375 0.18984375
1 0.68359375 0.30546875 0.0421875 0.08046875
1 0.71640625 0.34765625 0.03984375 0.06953125
1 0.7734375 0.3890625 0.0765625 0.1078125
1 0.86953125 0.4921875 0.09140625 0.08671875
1 0.91484375 0.5890625 0.13359375 0.18359375