1 0.090625 0.596875 0.1125 0.1484375
1 0.36640625 0.578125 0.09453125 0.18984375
1 0.15390625 0.4609375 0.09375 0.1375
1 0.21484375 0.3765625 0.06328125 0.0984375
1 0.2609375 0.34765625 0.04609375 0.07578125
1 0.4203125 0.34765625 0.0546875 0.08828125
1 0.3828125 0.359375 0.0453125 0.07109375
1 0.38515625 0.44609375 0.05625 0.09296875
1 0.54609375 0.29140625 0.0546875 0.08984375
1 0.690625 0.29609375 0.03671875 0.07734375
1 0.55546875 0.34921875 0.0515625 0.06953125
1 0.71328125 0.3390625 0.05546875 0.08203125
1 0.59140625 0.3828125 0.04921875 0.1046875
1 0.78046875 0.384375 0.08046875 0.1046875
1 0.62890625 0.48984375 0.071875 0.13125
1 0.890625 0.49375 0.090625 0.1109375
1 0.6890625 0.640625 0.11953125 0.18828125
1 0.92421875 0.63125 0.11796875 0.18828125