1 0.08359375 0.57265625 0.096875 0.19765625
1 0.15546875 0.45390625 0.07734375 0.16015625
1 0.215625 0.37265625 0.05234375 0.125
1 0.26875 0.3265625 0.0453125 0.103125
1 0.41640625 0.3375 0.04765625 0.07265625
1 0.3890625 0.36796875 0.05703125 0.08515625
1 0.40234375 0.453125 0.0859375 0.11875
1 0.36796875 0.5703125 0.090625 0.17109375
1 0.5546875 0.2875 0.05234375 0.06953125
1 0.68984375 0.2953125 0.03671875 0.07265625
1 0.56171875 0.34375 0.059375 0.06171875
1 0.71875 0.33359375 0.05390625 0.08359375
1 0.57734375 0.39296875 0.05546875 0.10625
1 0.7859375 0.3890625 0.06015625 0.1015625
1 0.625 0.47890625 0.08828125 0.14375
1 0.8875 0.4703125 0.07578125 0.1140625
1 0.690625 0.6234375 0.1046875 0.16953125
1 0.94296875 0.6015625 0.1078125 0.19140625