1 0.0578125 0.36796875 0.11484375 0.2734375
1 0.33359375 0.39375 0.09921875 0.31484375
1 0.19296875 0.26953125 0.0984375 0.2328125
1 0.2921875 0.19921875 0.046875 0.1203125
0 0.40546875 0.19453125 0.06328125 0.1359375
1 0.59921875 0.23359375 0.09375 0.17421875
1 0.52578125 0.2625 0.078125 0.18203125
1 0.4390625 0.35234375 0.084375 0.21484375
1 0.9078125 0.16875 0.08671875 0.16484375
1 0.87734375 0.328125 0.1125 0.18984375
1 0.8359375 0.425 0.13046875 0.16171875
1 0.79453125 0.64296875 0.1953125 0.34375