0 0.05 0.384375 0.09921875 0.29609375
1 0.2703125 0.40625 0.1015625 0.29921875
1 0.15078125 0.296875 0.10234375 0.21484375
1 0.24375 0.21484375 0.06171875 0.0984375
1 0.40078125 0.33515625 0.08359375 0.20390625
1 0.35234375 0.19453125 0.0671875 0.1359375
1 0.47421875 0.259375 0.0734375 0.18203125
1 0.56328125 0.23203125 0.05234375 0.153125
1 0.88359375 0.1703125 0.065625 0.153125
1 0.8296875 0.29609375 0.1078125 0.18828125
1 0.796875 0.43515625 0.171875 0.20703125
1 0.76875 0.64375 0.203125 0.31796875