0 0.03515625 0.4046875 0.0703125 0.265625
1 0.13125 0.3296875 0.096875 0.19921875
0 0.24296875 0.51015625 0.14609375 0.30078125
1 0.2359375 0.30703125 0.1 0.1140625
1 0.3328125 0.28046875 0.07578125 0.1125
1 0.3890625 0.44609375 0.084375 0.1296875
1 0.4578125 0.32421875 0.06328125 0.1453125
1 0.53671875 0.33203125 0.05703125 0.1515625
1 0.86171875 0.3046875 0.0640625 0.08828125
1 0.81484375 0.396875 0.0671875 0.1515625
1 0.75859375 0.5453125 0.11796875 0.17734375
1 0.73125 0.778125 0.196875 0.3828125