1 0.08125 0.60546875 0.11875 0.15625
1 0.1484375 0.4796875 0.07109375 0.1234375
1 0.209375 0.40390625 0.0421875 0.096875
1 0.26015625 0.36015625 0.04765625 0.06640625
1 0.4078125 0.36796875 0.04921875 0.05703125
1 0.3875 0.39765625 0.059375 0.07265625
1 0.3890625 0.478125 0.05625 0.08984375
1 0.3640625 0.56953125 0.0796875 0.17890625
1 0.5515625 0.31328125 0.03828125 0.07109375
1 0.54921875 0.36171875 0.0265625 0.06328125
1 0.58359375 0.40546875 0.0484375 0.1125
1 0.6234375 0.50546875 0.0765625 0.1125
1 0.68125 0.659375 0.1 0.18046875
1 0.68046875 0.30859375 0.0453125 0.0984375
1 0.71015625 0.35625 0.04609375 0.08984375
1 0.7703125 0.390625 0.06484375 0.1140625
1 0.884375 0.50390625 0.07890625 0.09375
1 0.940625 0.61328125 0.09375 0.2359375