0 0.0953125 0.55546875 0.1296875 0.17578125
1 0.3640625 0.5203125 0.103125 0.17890625
1 0.16015625 0.434375 0.0984375 0.13125
1 0.4046875 0.4328125 0.078125 0.1125
1 0.2234375 0.36328125 0.06484375 0.10625
1 0.26640625 0.31484375 0.05234375 0.08046875
1 0.41953125 0.30546875 0.05390625 0.08359375
1 0.39140625 0.3453125 0.0546875 0.07734375
1 0.56015625 0.2578125 0.0390625 0.0984375
1 0.69765625 0.27109375 0.0546875 0.07890625
1 0.5640625 0.3265625 0.04453125 0.07265625
1 0.7234375 0.31328125 0.06796875 0.1015625
1 0.5828125 0.378125 0.05546875 0.1234375
1 0.7828125 0.371875 0.09375 0.0953125
1 0.63125 0.47890625 0.103125 0.13125
1 0.89140625 0.47265625 0.09609375 0.1
1 0.690625 0.62421875 0.1296875 0.18984375
1 0.93828125 0.60234375 0.1234375 0.2234375