0 0.103125 0.50390625 0.125 0.2359375
1 0.1421875 0.46640625 0.0921875 0.19140625
1 0.20546875 0.34765625 0.07578125 0.1375
1 0.25859375 0.30859375 0.059375 0.1125
1 0.40390625 0.34609375 0.0578125 0.096875
1 0.37734375 0.375 0.06953125 0.1140625
1 0.37734375 0.4578125 0.08828125 0.153125
1 0.36640625 0.52421875 0.10703125 0.21796875
1 0.5578125 0.24296875 0.0640625 0.09375
1 0.56015625 0.284375 0.0609375 0.1
1 0.5921875 0.34375 0.078125 0.14375
1 0.6359375 0.43125 0.09375 0.146875
1 0.6796875 0.6296875 0.15078125 0.246875
1 0.6890625 0.21953125 0.046875 0.08515625
1 0.73203125 0.27421875 0.065625 0.11875
1 0.78671875 0.33125 0.0859375 0.15
1 0.903125 0.4546875 0.121875 0.146875
1 0.91171875 0.6390625 0.1609375 0.240625
1 0.415625 0.30234375 0.05390625 0.07421875