1 0.08515625 0.61796875 0.13984375 0.16171875
1 0.14765625 0.4875 0.0875 0.1390625
1 0.20390625 0.39609375 0.05390625 0.096875
1 0.25859375 0.3875 0.07265625 0.08046875
1 0.41875 0.3875 0.05703125 0.07109375
1 0.38359375 0.40390625 0.0546875 0.08203125
1 0.38359375 0.48671875 0.07890625 0.096875
0 0.35 0.5828125 0.08515625 0.19921875
1 0.55 0.328125 0.0421875 0.06015625
1 0.5578125 0.3734375 0.0390625 0.06484375
1 0.5921875 0.43046875 0.0546875 0.08046875
1 0.6265625 0.52890625 0.09140625 0.09140625
1 0.684375 0.6625 0.096875 0.125
1 0.675 0.32890625 0.03046875 0.09296875
1 0.70625 0.37109375 0.05703125 0.08203125
1 0.7875 0.42265625 0.078125 0.08671875
1 0.8765625 0.5359375 0.10078125 0.07578125
1 0.91484375 0.67890625 0.1265625 0.1453125