1 0.11171875 0.60703125 0.125 0.15859375
1 0.17265625 0.46875 0.0796875 0.146875
1 0.23515625 0.38515625 0.0546875 0.1
1 0.28125 0.340625 0.059375 0.09375
1 0.43671875 0.35546875 0.05625 0.06953125
1 0.403125 0.3625 0.05390625 0.07421875
1 0.41484375 0.44375 0.0765625 0.10625
1 0.38046875 0.56328125 0.1 0.1234375
1 0.56953125 0.28671875 0.046875 0.07421875
1 0.571875 0.340625 0.04609375 0.07578125
1 0.60625 0.38359375 0.06171875 0.096875
1 0.6453125 0.4734375 0.0796875 0.1171875
1 0.703125 0.6484375 0.14609375 0.17265625
0 0.709375 0.28515625 0.0359375 0.08046875
1 0.728125 0.31484375 0.04765625 0.0984375
1 0.7984375 0.3734375 0.0765625 0.1171875
1 0.9109375 0.4625 0.09453125 0.08203125
1 0.9328125 0.5734375 0.1046875 0.2484375