0 0.06953125 0.51953125 0.0921875 0.2421875
0 0.303125 0.57109375 0.115625 0.28984375
1 0.17421875 0.4578125 0.1 0.19296875
1 0.2828125 0.3734375 0.0546875 0.09296875
1 0.4078125 0.3625 0.0765625 0.1234375
1 0.5765625 0.41171875 0.07890625 0.16640625
1 0.50234375 0.41875 0.07578125 0.18359375
1 0.42421875 0.4953125 0.08515625 0.19453125
1 0.70078125 0.828125 0.2234375 0.34375
1 0.7984375 0.63828125 0.1703125 0.28515625
1 0.8625 0.50859375 0.09609375 0.2421875
1 0.89609375 0.40625 0.0609375 0.19921875