1 0.08203125 0.5875 0.12734375 0.16796875
0 0.1453125 0.45 0.09375 0.140625
1 0.2203125 0.3796875 0.05234375 0.1078125
0 0.2640625 0.3546875 0.0546875 0.08046875
1 0.42265625 0.35234375 0.0609375 0.05390625
1 0.384375 0.36796875 0.06953125 0.096875
1 0.38359375 0.453125 0.09140625 0.1125
0 0.3484375 0.54609375 0.10078125 0.19453125
1 0.68203125 0.66015625 0.13046875 0.19453125
1 0.63515625 0.50625 0.115625 0.1234375
1 0.58984375 0.40625 0.0671875 0.096875
1 0.5671875 0.36328125 0.07578125 0.07578125
1 0.5609375 0.2984375 0.05703125 0.05390625
1 0.68984375 0.31171875 0.0484375 0.08046875
1 0.7234375 0.35703125 0.03671875 0.096875
1 0.775 0.39609375 0.078125 0.08515625
1 0.87578125 0.490625 0.10859375 0.1015625
1 0.93203125 0.603125 0.1359375 0.16640625