1 0.08515625 0.3546875 0.109375 0.253125
1 0.20859375 0.275 0.08125 0.23125
1 0.3015625 0.20078125 0.0609375 0.1296875
1 0.40546875 0.190625 0.0515625 0.096875
1 0.615625 0.23046875 0.06953125 0.134375
1 0.5421875 0.25 0.09375 0.1515625
1 0.459375 0.3125 0.08515625 0.19921875
1 0.35390625 0.35546875 0.11796875 0.28515625
1 0.79453125 0.70703125 0.32578125 0.3953125
1 0.87265625 0.41171875 0.11484375 0.19453125
1 0.90390625 0.2609375 0.07578125 0.1078125
1 0.9359375 0.16328125 0.06015625 0.08671875