0 0.10546875 0.56875 0.115625 0.18359375
1 0.16171875 0.45546875 0.08125 0.1390625
1 0.221875 0.37890625 0.05703125 0.096875
1 0.26953125 0.34453125 0.0546875 0.08203125
1 0.42421875 0.34140625 0.0609375 0.06484375
1 0.396875 0.3734375 0.0671875 0.08671875
1 0.39921875 0.44140625 0.07578125 0.1015625
0 0.36328125 0.55 0.115625 0.17734375
1 0.6921875 0.62265625 0.14609375 0.19296875
1 0.6375 0.4765625 0.08515625 0.1203125
1 0.60078125 0.390625 0.0609375 0.1078125
1 0.5625 0.328125 0.0328125 0.06953125
1 0.5578125 0.27734375 0.02421875 0.05390625
1 0.69609375 0.28671875 0.03984375 0.08671875
1 0.728125 0.32265625 0.06796875 0.07109375
1 0.784375 0.36875 0.06953125 0.08671875
1 0.9078125 0.45234375 0.09140625 0.09296875
1 0.94453125 0.56796875 0.11015625 0.17265625