0 0.0484375 0.5109375 0.096875 0.2203125
1 0.16640625 0.4328125 0.09140625 0.17734375
1 0.27578125 0.36875 0.07265625 0.1015625
0 0.3078125 0.540625 0.11171875 0.28515625
1 0.38359375 0.3734375 0.0640625 0.1140625
1 0.4265625 0.49453125 0.06953125 0.20546875
1 0.49921875 0.41953125 0.06953125 0.1421875
1 0.5734375 0.4015625 0.0609375 0.1234375
1 0.740625 0.8109375 0.23125 0.371875
1 0.803125 0.6109375 0.1484375 0.275
1 0.8609375 0.49765625 0.0875 0.2328125
1 0.89921875 0.38984375 0.071875 0.17734375