1 0.11171875 0.546875 0.1359375 0.18359375
1 0.171875 0.4390625 0.08828125 0.128125
1 0.2296875 0.3734375 0.06328125 0.1078125
0 0.2921875 0.31796875 0.04921875 0.07109375
0 0.43671875 0.34921875 0.03984375 0.06953125
1 0.40546875 0.365625 0.0578125 0.1015625
1 0.41484375 0.45 0.0640625 0.08515625
0 0.35234375 0.51171875 0.08515625 0.17734375
1 0.56875 0.28984375 0.04140625 0.05859375
1 0.58046875 0.3421875 0.07890625 0.07578125
1 0.6078125 0.38515625 0.0359375 0.08515625
1 0.65390625 0.4875 0.07265625 0.1078125
1 0.7125 0.61171875 0.11796875 0.16171875
1 0.7140625 0.309375 0.0421875 0.06640625
1 0.73125 0.33125 0.06328125 0.07578125
1 0.81015625 0.384375 0.0765625 0.1078125
1 0.90703125 0.4875 0.11796875 0.0953125
1 0.94609375 0.5828125 0.1078125 0.15625