1 0.0703125 0.4984375 0.121875 0.18203125
1 0.14296875 0.39375 0.07890625 0.1140625
1 0.18984375 0.30703125 0.0640625 0.1140625
1 0.246875 0.25859375 0.05390625 0.09140625
1 0.40625 0.26875 0.0453125 0.05859375
1 0.38046875 0.28984375 0.0609375 0.08046875
1 0.36796875 0.38515625 0.078125 0.08515625
0 0.334375 0.4953125 0.08515625 0.18828125
1 0.6828125 0.5578125 0.1359375 0.15
1 0.621875 0.40390625 0.08828125 0.103125
1 0.5828125 0.30078125 0.06953125 0.08046875
1 0.55625 0.2609375 0.02421875 0.06484375
1 0.55 0.2015625 0.0421875 0.07578125
1 0.6765625 0.19375 0.0328125 0.09140625
1 0.70625 0.24140625 0.05703125 0.09140625
1 0.7828125 0.2875 0.07578125 0.096875
1 0.87734375 0.390625 0.13125 0.1078125
1 0.91015625 0.53515625 0.13125 0.1515625