1 0.0734375 0.5203125 0.12734375 0.17265625
1 0.115625 0.40390625 0.09609375 0.134375
1 0.1734375 0.309375 0.065625 0.10625
1 0.2390625 0.271875 0.0640625 0.07421875
1 0.39375 0.26875 0.0328125 0.05859375
1 0.36328125 0.30625 0.0515625 0.09140625
1 0.37109375 0.4109375 0.0671875 0.11875
0 0.30390625 0.47109375 0.09140625 0.17109375
1 0.6671875 0.5609375 0.1359375 0.134375
1 0.615625 0.425 0.08125 0.09140625
1 0.57890625 0.32578125 0.06953125 0.08671875
1 0.55 0.26875 0.02421875 0.05859375
1 0.53515625 0.215625 0.0359375 0.06953125
1 0.6671875 0.21953125 0.03359375 0.06953125
1 0.69765625 0.26328125 0.0515625 0.09140625
1 0.7640625 0.328125 0.0828125 0.125
1 0.86171875 0.425 0.10625 0.09140625
1 0.9046875 0.56875 0.10625 0.15