1 0.0921875 0.56875 0.12734375 0.146875
1 0.15546875 0.44453125 0.08828125 0.1296875
1 0.21015625 0.3578125 0.05234375 0.1015625
1 0.26328125 0.334375 0.04140625 0.06953125
1 0.4203125 0.3296875 0.0484375 0.06015625
1 0.39140625 0.35546875 0.053125 0.08828125
1 0.38828125 0.43515625 0.071875 0.08984375
1 0.3671875 0.53671875 0.08125 0.15703125
1 0.5515625 0.27265625 0.04453125 0.07265625
1 0.69453125 0.2828125 0.040625 0.06640625
1 0.5515625 0.328125 0.0671875 0.07890625
1 0.7171875 0.31328125 0.05703125 0.08359375
1 0.5859375 0.3671875 0.05546875 0.1078125
1 0.77421875 0.3640625 0.07265625 0.1046875
1 0.62578125 0.45703125 0.10390625 0.1265625
1 0.8875 0.4734375 0.0734375 0.1046875
1 0.684375 0.60859375 0.10703125 0.15859375
1 0.92890625 0.5984375 0.1109375 0.15703125