1 0.04765625 0.49375 0.0921875 0.20390625
1 0.175 0.39921875 0.08515625 0.18984375
1 0.290625 0.353125 0.065625 0.1078125
1 0.39375 0.33515625 0.0609375 0.1015625
1 0.58828125 0.371875 0.07890625 0.1453125
1 0.5140625 0.41171875 0.09453125 0.1515625
1 0.43203125 0.48828125 0.10625 0.2265625
0 0.31171875 0.53984375 0.11015625 0.275
1 0.7390625 0.7953125 0.2640625 0.4
1 0.834375 0.6171875 0.1640625 0.28125
1 0.87734375 0.5015625 0.0984375 0.16953125
1 0.85859375 0.38125 0.0546875 0.08671875
1 0.909375 0.38046875 0.06328125 0.16171875