1 0.0828125 0.62734375 0.10390625 0.146875
1 0.15 0.50703125 0.096875 0.11875
1 0.21328125 0.4328125 0.06171875 0.13125
1 0.26953125 0.39609375 0.0390625 0.07578125
1 0.41484375 0.3890625 0.05234375 0.07734375
1 0.3859375 0.4296875 0.065625 0.1
1 0.38515625 0.5 0.07109375 0.1015625
1 0.35625 0.6078125 0.0625 0.1515625
1 0.56328125 0.3515625 0.05234375 0.08359375
1 0.55625 0.40078125 0.040625 0.06640625
1 0.57734375 0.44375 0.0671875 0.11875
1 0.61953125 0.5484375 0.08046875 0.115625
1 0.665625 0.68671875 0.08671875 0.19765625
1 0.69453125 0.34453125 0.046875 0.06953125
1 0.709375 0.39765625 0.03984375 0.08203125
1 0.7703125 0.43828125 0.04140625 0.1328125
1 0.88125 0.5265625 0.0921875 0.1265625
1 0.9296875 0.646875 0.096875 0.246875