1 0.10546875 0.56640625 0.1359375 0.1015625
1 0.17265625 0.43671875 0.0828125 0.1015625
1 0.22265625 0.35546875 0.06015625 0.09140625
1 0.27890625 0.31328125 0.05234375 0.08046875
1 0.43359375 0.33203125 0.0515625 0.06484375
1 0.403125 0.35625 0.0578125 0.1015625
0 0.40078125 0.4171875 0.0828125 0.11875
1 0.38671875 0.53671875 0.07890625 0.1390625
1 0.7015625 0.59609375 0.13046875 0.19296875
1 0.6328125 0.44453125 0.090625 0.1078125
1 0.60390625 0.36328125 0.05234375 0.096875
1 0.5734375 0.334375 0.04609375 0.08203125
1 0.5703125 0.27265625 0.0328125 0.06328125
1 0.70546875 0.29140625 0.0421875 0.04921875
1 0.7359375 0.3046875 0.04140625 0.096875
1 0.803125 0.35 0.07265625 0.08046875
1 0.9046875 0.47734375 0.09375 0.08828125
1 0.9453125 0.56953125 0.109375 0.17265625