1 0.04375 0.33984375 0.0875 0.265625
1 0.15 0.27578125 0.08828125 0.18984375
1 0.26640625 0.21015625 0.0609375 0.09296875
0 0.3828125 0.21640625 0.08515625 0.1234375
1 0.5734375 0.253125 0.07265625 0.1234375
1 0.49453125 0.26171875 0.103125 0.17109375
1 0.40234375 0.35859375 0.1 0.18359375
0 0.28359375 0.39375 0.14296875 0.30859375
1 0.734375 0.68046875 0.2671875 0.3828125
1 0.79375 0.4609375 0.15546875 0.2265625
1 0.853125 0.31328125 0.08515625 0.221875
1 0.90546875 0.2390625 0.0609375 0.19453125