0 0.04609375 0.353125 0.08515625 0.25
0 0.2796875 0.43671875 0.08828125 0.30859375
1 0.14140625 0.29296875 0.07109375 0.221875
1 0.4328125 0.42109375 0.11640625 0.228125
1 0.23984375 0.2359375 0.05625 0.1546875
1 0.35546875 0.24140625 0.06015625 0.140625
1 0.48359375 0.3 0.05390625 0.17421875
1 0.571875 0.28359375 0.06875 0.1421875
1 0.8828125 0.2484375 0.0453125 0.1390625
1 0.834375 0.36484375 0.0640625 0.18046875
1 0.78828125 0.5078125 0.13203125 0.20078125
1 0.7484375 0.6828125 0.15625 0.32890625