1 0.06875 0.42734375 0.1078125 0.21796875
1 0.18515625 0.37265625 0.0984375 0.1796875
1 0.3 0.29921875 0.0609375 0.09296875
1 0.415625 0.28359375 0.0546875 0.11171875
1 0.60234375 0.34453125 0.06953125 0.1453125
1 0.52265625 0.35859375 0.08359375 0.15859375
1 0.440625 0.42109375 0.08125 0.18671875
0 0.34296875 0.465625 0.1015625 0.29453125
1 0.771875 0.771875 0.278125 0.45625
0 0.83125 0.496875 0.121875 0.32421875
0 0.89765625 0.30390625 0.046875 0.0921875
1 0.95078125 0.334375 0.0671875 0.1453125