1 0.0625 0.51015625 0.125 0.2359375
1 0.11875 0.3984375 0.0921875 0.19140625
1 0.19296875 0.325 0.07578125 0.1375
0 0.240625 0.27265625 0.059375 0.1125
1 0.396875 0.27421875 0.0578125 0.096875
1 0.3640625 0.31640625 0.06953125 0.1140625
1 0.359375 0.409375 0.08828125 0.153125
0 0.3140625 0.48984375 0.10703125 0.21796875
1 0.54765625 0.23671875 0.0640625 0.09375
1 0.546875 0.3015625 0.0609375 0.1
1 0.5703125 0.340625 0.078125 0.14375
1 0.61015625 0.4359375 0.09375 0.146875
1 0.6734375 0.58515625 0.15078125 0.246875
0 0.67421875 0.21953125 0.046875 0.08515625
1 0.7078125 0.27890625 0.065625 0.11875
1 0.76484375 0.3234375 0.0859375 0.15
1 0.86640625 0.4296875 0.121875 0.146875
1 0.91171875 0.6 0.1609375 0.240625