1 0.13359375 0.490625 0.103125 0.23125
1 0.24765625 0.4453125 0.08828125 0.18359375
1 0.3578125 0.39609375 0.0609375 0.096875
0 0.45625 0.396875 0.08125 0.1171875
1 0.66171875 0.46171875 0.0671875 0.1515625
1 0.57578125 0.46171875 0.10078125 0.17265625
1 0.4859375 0.52109375 0.09140625 0.18359375
1 0.38125 0.56640625 0.08828125 0.29609375
1 0.784375 0.8734375 0.1859375 0.253125
1 0.88046875 0.68515625 0.09140625 0.23125
1 0.93203125 0.5609375 0.0921875 0.2328125
1 0.98125 0.46171875 0.0375 0.18359375