0 0.07421875 0.55859375 0.12734375 0.18515625
1 0.125 0.45078125 0.08515625 0.1296875
1 0.184375 0.36171875 0.06328125 0.1125
1 0.23984375 0.33203125 0.05703125 0.07421875
1 0.4 0.33515625 0.03984375 0.07109375
1 0.3640625 0.35546875 0.0453125 0.09140625
1 0.36953125 0.45078125 0.09375 0.0953125
0 0.32734375 0.54765625 0.10625 0.21640625
1 0.66015625 0.60625 0.13984375 0.1515625
1 0.6140625 0.4875 0.09140625 0.1296875
1 0.571875 0.37265625 0.078125 0.1125
1 0.54453125 0.3296875 0.06015625 0.06953125
1 0.5328125 0.2640625 0.0421875 0.05859375
0 0.66875 0.28125 0.0421875 0.08046875
1 0.69609375 0.3125 0.0484375 0.06953125
1 0.76171875 0.36171875 0.07578125 0.09140625
1 0.8421875 0.45625 0.09609375 0.096875
1 0.903125 0.5671875 0.12734375 0.2203125