1 0.04609375 0.4796875 0.0921875 0.221875
1 0.16015625 0.4171875 0.09453125 0.18359375
0 0.3046875 0.5328125 0.109375 0.30703125
1 0.26796875 0.34453125 0.05390625 0.09140625
1 0.38828125 0.33671875 0.0640625 0.08671875
1 0.4171875 0.48203125 0.103125 0.20546875
1 0.50078125 0.41171875 0.09453125 0.17265625
1 0.575 0.3765625 0.0609375 0.1453125
0 0.69453125 0.73359375 0.18515625 0.45859375
1 0.809375 0.59765625 0.16484375 0.2765625
1 0.86484375 0.4765625 0.09453125 0.21640625
1 0.89375 0.36328125 0.065625 0.16171875