0 0.0453125 0.33125 0.090625 0.2578125
1 0.1671875 0.26640625 0.10078125 0.2265625
1 0.25546875 0.19296875 0.0703125 0.1140625
0 0.371875 0.19140625 0.05703125 0.1078125
0 0.57890625 0.21796875 0.0609375 0.1296875
1 0.51796875 0.225 0.08515625 0.16640625
1 0.41875 0.32578125 0.096875 0.225
1 0.290625 0.396875 0.13359375 0.30234375
1 0.7828125 0.653125 0.1703125 0.3734375
1 0.80390625 0.39609375 0.103125 0.17109375
1 0.86484375 0.26953125 0.0671875 0.2765625
1 0.9015625 0.16640625 0.0671875 0.1453125