1 0.09765625 0.59140625 0.13125 0.1515625
1 0.15859375 0.45625 0.09453125 0.11875
1 0.225 0.390625 0.0515625 0.08671875
1 0.27578125 0.36953125 0.04765625 0.05390625
1 0.421875 0.36640625 0.0484375 0.06953125
1 0.39921875 0.396875 0.06328125 0.08671875
1 0.39921875 0.47734375 0.0875 0.096875
1 0.37890625 0.57734375 0.09609375 0.1453125
1 0.5578125 0.31015625 0.0484375 0.06484375
1 0.5671875 0.371875 0.03046875 0.05859375
1 0.59765625 0.40234375 0.0546875 0.096875
1 0.6421875 0.51484375 0.0828125 0.096875
1 0.69375 0.6421875 0.11796875 0.1234375
1 0.69765625 0.32109375 0.04140625 0.07421875
1 0.721875 0.35859375 0.0484375 0.07578125
1 0.7875 0.40234375 0.06953125 0.096875
1 0.9 0.496875 0.13046875 0.08046875
1 0.93671875 0.61796875 0.12578125 0.18359375