0 0.0828125 0.59609375 0.09609375 0.16171875
0 0.35625 0.603125 0.07734375 0.19765625
1 0.15390625 0.4859375 0.07890625 0.1453125
1 0.225 0.425 0.0609375 0.11875
1 0.27109375 0.37265625 0.04765625 0.08203125
1 0.38984375 0.5 0.06796875 0.1015625
1 0.38984375 0.41875 0.03828125 0.07578125
1 0.41640625 0.3875 0.03828125 0.08046875
1 0.5515625 0.3609375 0.05 0.08046875
1 0.69140625 0.3578125 0.040625 0.07109375
1 0.5578125 0.40234375 0.04453125 0.07578125
1 0.7125 0.403125 0.04375 0.08984375
1 0.59375 0.4484375 0.04375 0.1
1 0.78046875 0.45234375 0.06796875 0.1046875
1 0.6390625 0.546875 0.0765625 0.10625
1 0.8984375 0.540625 0.109375 0.1125
1 0.696875 0.7234375 0.121875 0.21328125
1 0.93046875 0.696875 0.13359375 0.21171875