1 0.078125 0.64140625 0.13515625 0.20546875
1 0.1375 0.5125 0.109375 0.16640625
1 0.20703125 0.43828125 0.07578125 0.1484375
1 0.26015625 0.390625 0.05703125 0.1171875
1 0.4078125 0.4 0.0640625 0.0984375
1 0.38359375 0.43046875 0.07578125 0.1203125
1 0.3890625 0.521875 0.071875 0.1515625
1 0.353125 0.6078125 0.09375 0.2375
1 0.53984375 0.33828125 0.05390625 0.07734375
1 0.546875 0.4015625 0.059375 0.08984375
1 0.58203125 0.4453125 0.0703125 0.128125
1 0.6171875 0.5453125 0.1078125 0.16484375
1 0.68046875 0.7078125 0.16953125 0.2359375
0 0.675 0.34765625 0.0484375 0.08515625
1 0.70390625 0.38203125 0.0609375 0.1
1 0.76484375 0.4421875 0.0859375 0.125
1 0.87421875 0.53515625 0.12578125 0.1328125
1 0.91875 0.68828125 0.1484375 0.271875