0 0.04453125 0.45390625 0.06640625 0.11875
1 0.11953125 0.509375 0.10078125 0.19140625
1 0.25625 0.5765625 0.11953125 0.2109375
1 0.2671875 0.4421875 0.06640625 0.1
0 0.34375 0.4890625 0.05234375 0.1390625
0 0.39375 0.6046875 0.115625 0.2890625
1 0.43515625 0.4578125 0.03203125 0.07734375
1 0.46953125 0.52265625 0.06015625 0.16484375
1 0.525 0.47578125 0.06640625 0.103125
1 0.609375 0.55859375 0.084375 0.196875
1 0.65390625 0.49609375 0.040625 0.10390625
1 0.81796875 0.64375 0.115625 0.2421875
1 0.92109375 0.5828125 0.1015625 0.21015625