1 0.2515625 0.3390625 0.0546875 0.08515625
1 0.20546875 0.37421875 0.06171875 0.11875
1 0.140625 0.42890625 0.0796875 0.1203125
1 0.0671875 0.59609375 0.1203125 0.14375
1 0.41484375 0.33515625 0.04140625 0.07109375
1 0.3859375 0.3734375 0.0546875 0.08984375
1 0.384375 0.4609375 0.071875 0.103125
1 0.35859375 0.58203125 0.0875 0.16640625
1 0.54609375 0.28671875 0.03984375 0.07109375
1 0.55625 0.34375 0.0375 0.06953125
1 0.58046875 0.39609375 0.03984375 0.096875
1 0.61875 0.49375 0.08359375 0.09296875
1 0.67890625 0.64375 0.0921875 0.18828125
1 0.68125 0.29921875 0.0328125 0.07421875
1 0.709375 0.35078125 0.0421875 0.08828125
1 0.76796875 0.38359375 0.065625 0.1125
1 0.8703125 0.49765625 0.1 0.1
1 0.92109375 0.61484375 0.11484375 0.19921875