0 0.06171875 0.4640625 0.11796875 0.2703125
1 0.16171875 0.37734375 0.10078125 0.19296875
1 0.2875 0.33984375 0.07890625 0.1203125
1 0.37421875 0.31484375 0.0828125 0.1234375
1 0.58046875 0.34296875 0.0765625 0.1453125
1 0.50546875 0.36640625 0.10625 0.18359375
1 0.4203125 0.45 0.10625 0.19921875
0 0.27578125 0.50703125 0.1515625 0.29140625
1 0.7484375 0.784375 0.296875 0.40625
1 0.82109375 0.56328125 0.1703125 0.265625
1 0.85625 0.42578125 0.10078125 0.2375
1 0.90546875 0.33203125 0.0671875 0.17890625