1 0.10625 0.6125 0.146875 0.16328125
1 0.16015625 0.48125 0.09609375 0.1140625
1 0.22578125 0.4046875 0.0734375 0.1171875
1 0.2671875 0.36953125 0.04765625 0.09140625
1 0.4265625 0.36875 0.053125 0.07109375
1 0.4 0.4078125 0.08515625 0.109375
1 0.38828125 0.478125 0.1046875 0.1140625
1 0.36640625 0.59765625 0.090625 0.18671875
1 0.56328125 0.3234375 0.0421875 0.07578125
1 0.69921875 0.334375 0.0359375 0.06953125
1 0.56015625 0.37265625 0.0546875 0.08203125
1 0.596875 0.425 0.06328125 0.1125
1 0.6375 0.5203125 0.1140625 0.1234375
1 0.68359375 0.67578125 0.1453125 0.19140625
1 0.71640625 0.371875 0.0640625 0.08671875
1 0.778125 0.4203125 0.07734375 0.115625
1 0.89765625 0.5125 0.078125 0.1171875
1 0.93203125 0.653125 0.11484375 0.2625