0 0.1171875 0.396875 0.121875 0.22578125
1 0.23984375 0.33515625 0.10390625 0.184375
1 0.35078125 0.2734375 0.05546875 0.10234375
1 0.45625 0.26875 0.05234375 0.11171875
1 0.64609375 0.3203125 0.08984375 0.1859375
1 0.58046875 0.33046875 0.08125 0.18515625
1 0.51796875 0.41484375 0.10234375 0.24296875
0 0.378125 0.4515625 0.12734375 0.29375
1 0.8265625 0.765625 0.28359375 0.46875
1 0.9046875 0.53125 0.11640625 0.2578125
1 0.95078125 0.4328125 0.0984375 0.215625
1 0.9796875 0.309375 0.040625 0.175