1 0.08203125 0.5125 0.08359375 0.13359375
1 0.1484375 0.55078125 0.0890625 0.18046875
1 0.2703125 0.5921875 0.1015625 0.2421875
1 0.31484375 0.47890625 0.04609375 0.06875
1 0.37109375 0.50625 0.0609375 0.12421875
1 0.42578125 0.62109375 0.09609375 0.33984375
1 0.49140625 0.540625 0.07421875 0.17109375
1 0.55 0.46875 0.0578125 0.11796875
1 0.484375 0.4609375 0.03828125 0.0625
1 0.67265625 0.46640625 0.04296875 0.08125
1 0.640625 0.5609375 0.11796875 0.159375
1 0.853125 0.5890625 0.115625 0.24765625
1 0.95078125 0.54609375 0.0984375 0.2203125