0 0.06796875 0.44921875 0.1265625 0.21015625
1 0.19375 0.3515625 0.0875 0.16640625
1 0.284375 0.31171875 0.0765625 0.1296875
1 0.39453125 0.284375 0.0578125 0.096875
1 0.5984375 0.309375 0.05703125 0.15625
1 0.5171875 0.33046875 0.078125 0.16640625
1 0.43828125 0.4109375 0.07265625 0.17734375
0 0.31875 0.4765625 0.11796875 0.21015625
1 0.77109375 0.684375 0.2703125 0.43046875
1 0.846875 0.47890625 0.10078125 0.2265625
0 0.87734375 0.34375 0.08828125 0.1171875
1 0.91484375 0.225 0.07265625 0.1078125