0 0.08125 0.3359375 0.1484375 0.29140625
1 0.19375 0.24765625 0.09375 0.16796875
1 0.30234375 0.2015625 0.07578125 0.096875
0 0.3984375 0.209375 0.05546875 0.125
1 0.6109375 0.23046875 0.103125 0.16796875
1 0.52890625 0.24140625 0.084375 0.15625
1 0.4546875 0.3203125 0.10703125 0.18359375
1 0.32890625 0.38984375 0.103125 0.29140625
1 0.74609375 0.6984375 0.18515625 0.43046875
1 0.840625 0.44921875 0.08828125 0.1515625
1 0.8875 0.284375 0.07890625 0.16796875
1 0.93359375 0.17109375 0.0421875 0.1015625