0 0.10390625 0.59453125 0.07265625 0.2421875
1 0.1890625 0.51640625 0.08515625 0.16171875
1 0.309375 0.44921875 0.0640625 0.1015625
1 0.40390625 0.45703125 0.05234375 0.08671875
1 0.60859375 0.47578125 0.0484375 0.09140625
1 0.53828125 0.50234375 0.0546875 0.17734375
1 0.45625 0.596875 0.08515625 0.19453125
0 0.35625 0.6515625 0.103125 0.32421875
1 0.81484375 0.88046875 0.27265625 0.2328125
1 0.89375 0.6921875 0.121875 0.19921875
1 0.9015625 0.521875 0.07578125 0.1296875
1 0.946875 0.42109375 0.0328125 0.1015625