0 0.04609375 0.3609375 0.09140625 0.31796875
1 0.14296875 0.2671875 0.096875 0.225
0 0.25546875 0.471875 0.13359375 0.32421875
1 0.25078125 0.23984375 0.10625 0.15
1 0.409375 0.39140625 0.1 0.20546875
1 0.35625 0.2203125 0.065625 0.1234375
1 0.47734375 0.3046875 0.109375 0.18359375
1 0.5671875 0.28515625 0.0875 0.1453125
1 0.7234375 0.76328125 0.29140625 0.42109375
1 0.7859375 0.53359375 0.1796875 0.21015625
1 0.82265625 0.36953125 0.06328125 0.16171875
1 0.87734375 0.25078125 0.0515625 0.096875