1 0.0375 0.440625 0.0546875 0.08203125
1 0.10625 0.50078125 0.12421875 0.2203125
1 0.24765625 0.54609375 0.1578125 0.225
1 0.27265625 0.42109375 0.06328125 0.1078125
1 0.3734375 0.5734375 0.1359375 0.35625
1 0.4359375 0.41640625 0.03671875 0.06484375
1 0.47734375 0.48359375 0.06328125 0.15625
1 0.534375 0.43828125 0.06328125 0.1171875
1 0.61640625 0.52265625 0.12421875 0.19921875
1 0.65546875 0.42734375 0.03671875 0.07421875
1 0.8078125 0.53515625 0.1484375 0.225
1 0.946875 0.50625 0.10625 0.15703125