1 0.10703125 0.309375 0.11171875 0.19921875
1 0.2546875 0.39140625 0.13359375 0.17734375
1 0.28203125 0.253125 0.07265625 0.1390625
1 0.365625 0.29921875 0.0703125 0.1015625
1 0.4140625 0.37734375 0.09375 0.2578125
1 0.4625 0.25546875 0.0328125 0.06953125
1 0.49140625 0.32890625 0.071875 0.17265625
1 0.55234375 0.28046875 0.06015625 0.10625
1 0.6390625 0.34921875 0.09375 0.18359375
1 0.67734375 0.290625 0.0484375 0.096875
1 0.83515625 0.39375 0.14609375 0.21640625
1 0.94921875 0.3875 0.1015625 0.19375