0 0.03671875 0.2921875 0.0734375 0.31328125
1 0.1546875 0.20625 0.06953125 0.16171875
1 0.25625 0.19296875 0.0546875 0.09296875
1 0.36875 0.18203125 0.0484375 0.08046875
1 0.57578125 0.2359375 0.08515625 0.1015625
1 0.50234375 0.26015625 0.0609375 0.140625
1 0.41484375 0.33359375 0.09140625 0.17890625
0 0.2765625 0.40390625 0.14296875 0.35
1 0.77109375 0.76015625 0.33046875 0.3625
1 0.846875 0.4734375 0.1546875 0.23125
0 0.84921875 0.309375 0.078125 0.16171875
1 0.9046875 0.21484375 0.07578125 0.1359375