1 0.075 0.59296875 0.11953125 0.1328125
1 0.14375 0.45625 0.0703125 0.13125
1 0.20546875 0.3703125 0.053125 0.0984375
1 0.25625 0.33671875 0.046875 0.07734375
1 0.41171875 0.34453125 0.040625 0.07265625
1 0.38828125 0.38203125 0.04375 0.08828125
1 0.3859375 0.45234375 0.06796875 0.1046875
0 0.3453125 0.54296875 0.1 0.18515625
0 0.66953125 0.6171875 0.1234375 0.25
1 0.5484375 0.29609375 0.05234375 0.06796875
1 0.55625 0.33984375 0.0421875 0.07734375
1 0.5765625 0.38203125 0.04375 0.08203125
1 0.6171875 0.48203125 0.05234375 0.115625
1 0.684375 0.3015625 0.02265625 0.06640625
1 0.70703125 0.34765625 0.04765625 0.08515625
1 0.7671875 0.3921875 0.07734375 0.1171875
1 0.87265625 0.4875 0.09140625 0.08984375
1 0.90234375 0.62109375 0.12421875 0.20234375