1 0.0953125 0.50625 0.1359375 0.1296875
1 0.16640625 0.3828125 0.0671875 0.0984375
1 0.22734375 0.3234375 0.04921875 0.08515625
1 0.27421875 0.29296875 0.0453125 0.08046875
1 0.42890625 0.3046875 0.03984375 0.06953125
1 0.4125 0.33671875 0.04375 0.07109375
1 0.4015625 0.40625 0.0765625 0.103125
0 0.34375 0.48203125 0.08125 0.16796875
1 0.5765625 0.2609375 0.03671875 0.05859375
1 0.5671875 0.31484375 0.04765625 0.07109375
1 0.59921875 0.35 0.03984375 0.08671875
1 0.64609375 0.44453125 0.08515625 0.1234375
1 0.7125 0.59765625 0.121875 0.16171875
1 0.71328125 0.25234375 0.0421875 0.07578125
1 0.734375 0.3046875 0.03671875 0.06953125
1 0.80859375 0.3546875 0.0703125 0.08671875
1 0.9078125 0.4640625 0.121875 0.07578125
1 0.93671875 0.5609375 0.12578125 0.16171875