1 0.09296875 0.559375 0.1359375 0.16171875
0 0.35625 0.52421875 0.09609375 0.18984375
1 0.16640625 0.43359375 0.075 0.1515625
1 0.4015625 0.42890625 0.0796875 0.1328125
1 0.21640625 0.35078125 0.0703125 0.109375
1 0.278125 0.3125 0.05234375 0.08828125
1 0.39140625 0.35078125 0.05625 0.08828125
1 0.41953125 0.3078125 0.0484375 0.103125
1 0.5640625 0.2671875 0.0390625 0.07734375
1 0.70078125 0.27265625 0.04375 0.09375
1 0.5640625 0.334375 0.0453125 0.07578125
1 0.7171875 0.31953125 0.0640625 0.08984375
1 0.58203125 0.3734375 0.0703125 0.1078125
1 0.78671875 0.38046875 0.06171875 0.1
1 0.63046875 0.47421875 0.09296875 0.14375
1 0.88984375 0.48046875 0.0953125 0.115625
1 0.6875 0.63359375 0.13046875 0.19921875
1 0.940625 0.59375 0.10390625 0.21171875