1 0.04609375 0.4984375 0.0921875 0.2375
1 0.17265625 0.42578125 0.09140625 0.17890625
1 0.27265625 0.3609375 0.0796875 0.09296875
1 0.3890625 0.32109375 0.06328125 0.08671875
1 0.5765625 0.37265625 0.07265625 0.15625
1 0.5109375 0.40703125 0.08828125 0.17265625
1 0.415625 0.47734375 0.08515625 0.18359375
0 0.31015625 0.54765625 0.11171875 0.28984375
0 0.70390625 0.784375 0.17734375 0.43046875
1 0.834375 0.59375 0.13984375 0.2640625
1 0.86328125 0.50390625 0.0875 0.20546875
1 0.853125 0.3828125 0.0421875 0.09296875
1 0.89765625 0.375 0.0671875 0.17265625