1 0.0875 0.58671875 0.09453125 0.20703125
1 0.1390625 0.4640625 0.08046875 0.125
1 0.203125 0.38125 0.059375 0.1109375
1 0.2625 0.34296875 0.0609375 0.08671875
1 0.4125 0.33671875 0.0375 0.07109375
1 0.384375 0.3703125 0.06328125 0.09296875
1 0.38984375 0.44296875 0.06484375 0.1109375
1 0.3734375 0.54453125 0.0671875 0.1515625
0 0.546875 0.2828125 0.04140625 0.08515625
1 0.5546875 0.3390625 0.05 0.07265625
1 0.57890625 0.3890625 0.05625 0.0984375
1 0.61875 0.46328125 0.06171875 0.1171875
1 0.6953125 0.61328125 0.121875 0.21171875
1 0.68515625 0.30234375 0.03359375 0.06796875
1 0.7125 0.31796875 0.04140625 0.1078125
1 0.77265625 0.365625 0.0671875 0.1296875
1 0.878125 0.46796875 0.07265625 0.1328125
1 0.925 0.58671875 0.1140625 0.259375