1 0.10390625 0.58828125 0.11640625 0.17265625
1 0.16328125 0.46875 0.084375 0.15703125
1 0.22734375 0.38984375 0.05390625 0.121875
1 0.27578125 0.34921875 0.05234375 0.07890625
1 0.42734375 0.3515625 0.0515625 0.07734375
1 0.40703125 0.3984375 0.0578125 0.08984375
1 0.403125 0.45546875 0.0703125 0.1203125
0 0.3734375 0.55078125 0.06796875 0.19765625
1 0.5640625 0.29375 0.046875 0.06640625
1 0.5671875 0.35390625 0.0484375 0.07265625
1 0.59453125 0.403125 0.06015625 0.1078125
1 0.63984375 0.4890625 0.07265625 0.1328125
1 0.70390625 0.6703125 0.115625 0.20546875
1 0.7046875 0.30859375 0.03203125 0.07734375
1 0.72890625 0.34765625 0.04375 0.096875
1 0.7890625 0.3984375 0.07265625 0.1140625
1 0.89609375 0.47578125 0.0734375 0.096875
1 0.92421875 0.60546875 0.09296875 0.28515625