1 0.08046875 0.540625 0.1140625 0.18984375
1 0.3484375 0.5390625 0.09609375 0.16171875
1 0.13984375 0.42890625 0.08046875 0.1296875
1 0.2015625 0.3640625 0.06171875 0.1234375
1 0.25625 0.325 0.06796875 0.08828125
1 0.40234375 0.32109375 0.04921875 0.07421875
1 0.3765625 0.340625 0.05703125 0.07578125
1 0.38125 0.4359375 0.0765625 0.103125
1 0.5421875 0.2671875 0.046875 0.08984375
1 0.68046875 0.26015625 0.0515625 0.08828125
1 0.54140625 0.325 0.0546875 0.08515625
1 0.7109375 0.30703125 0.059375 0.07734375
1 0.5734375 0.36015625 0.0578125 0.1
1 0.7796875 0.3671875 0.0671875 0.0953125
1 0.61796875 0.44921875 0.078125 0.1203125
1 0.88203125 0.459375 0.08671875 0.121875
1 0.68359375 0.60546875 0.12734375 0.18671875
1 0.9171875 0.5953125 0.1265625 0.19140625