1 0.0875 0.55703125 0.1453125 0.1515625
1 0.14921875 0.409375 0.09375 0.134375
1 0.21015625 0.328125 0.05703125 0.1125
1 0.2515625 0.290625 0.06015625 0.09140625
1 0.415625 0.309375 0.0421875 0.06328125
1 0.3859375 0.33125 0.06953125 0.07578125
1 0.4046875 0.41484375 0.0875 0.1234375
1 0.36640625 0.51484375 0.09609375 0.140625
1 0.553125 0.246875 0.04609375 0.09296875
1 0.55625 0.30390625 0.03984375 0.05234375
1 0.58359375 0.35234375 0.0578125 0.10625
1 0.6390625 0.45 0.09375 0.11875
1 0.68125 0.58515625 0.1421875 0.1296875
1 0.69765625 0.2609375 0.05390625 0.0953125
1 0.7203125 0.29296875 0.0453125 0.06484375
1 0.790625 0.33984375 0.07578125 0.1015625
1 0.9 0.446875 0.1 0.06953125
1 0.93671875 0.5359375 0.12578125 0.17109375