1 0.0921875 0.5828125 0.11640625 0.17734375
1 0.1578125 0.46875 0.090625 0.13125
1 0.2203125 0.3921875 0.06953125 0.1140625
1 0.2703125 0.34765625 0.0546875 0.07890625
1 0.4203125 0.3546875 0.0421875 0.05859375
1 0.3953125 0.3796875 0.053125 0.07109375
1 0.4015625 0.4609375 0.0640625 0.09140625
1 0.37890625 0.55234375 0.0734375 0.18203125
1 0.5609375 0.2984375 0.04375 0.06953125
1 0.56640625 0.346875 0.04609375 0.06796875
1 0.5953125 0.39296875 0.05625 0.10625
1 0.634375 0.49140625 0.08125 0.140625
1 0.69375 0.64921875 0.1 0.18046875
1 0.7 0.3109375 0.0390625 0.06953125
1 0.71953125 0.35 0.04375 0.08046875
1 0.7875 0.38828125 0.0609375 0.103125
1 0.89375 0.49296875 0.09375 0.096875
1 0.940625 0.63359375 0.11796875 0.2578125