0 0.090625 0.56875 0.109375 0.20546875
0 0.34765625 0.54140625 0.10859375 0.18515625
1 0.14765625 0.42734375 0.08671875 0.1484375
1 0.3796875 0.43984375 0.09609375 0.1078125
1 0.2078125 0.34375 0.053125 0.1109375
1 0.25625 0.31953125 0.03984375 0.08984375
1 0.4109375 0.31171875 0.0484375 0.07421875
1 0.3890625 0.34296875 0.0515625 0.07734375
1 0.553125 0.2546875 0.0421875 0.07421875
1 0.55703125 0.31640625 0.03984375 0.07734375
1 0.584375 0.37109375 0.06015625 0.128125
1 0.62734375 0.45859375 0.07734375 0.1140625
0 0.68828125 0.61640625 0.1328125 0.2328125
0 0.6921875 0.26171875 0.0359375 0.07890625
1 0.71796875 0.2921875 0.06015625 0.103125
1 0.775 0.35625 0.08125 0.1328125
1 0.884375 0.4546875 0.0984375 0.1375
1 0.928125 0.6234375 0.125 0.28359375