0 0.10390625 0.5625 0.11484375 0.19921875
0 0.36484375 0.5421875 0.09453125 0.21484375
0 0.17421875 0.4453125 0.08359375 0.14375
0 0.2796875 0.340625 0.06484375 0.07890625
0 0.42890625 0.34765625 0.05390625 0.06015625
1 0.23515625 0.3625 0.0640625 0.1140625
1 0.403125 0.37109375 0.059375 0.08203125
1 0.4109375 0.43984375 0.06171875 0.1046875
1 0.56796875 0.28046875 0.04140625 0.07578125
1 0.56875 0.3390625 0.0421875 0.06328125
1 0.60546875 0.38671875 0.05625 0.10625
1 0.6390625 0.478125 0.06796875 0.1234375
1 0.70703125 0.63984375 0.10859375 0.17734375
1 0.70234375 0.2984375 0.059375 0.07578125
1 0.728125 0.32890625 0.0484375 0.07109375
1 0.790625 0.38046875 0.06875 0.11875
1 0.88828125 0.46484375 0.071875 0.0953125
1 0.925 0.56015625 0.09296875 0.271875