1 0.0984375 0.590625 0.1203125 0.18984375
1 0.15546875 0.4625 0.071875 0.140625
1 0.2140625 0.37734375 0.06328125 0.11875
1 0.26796875 0.34140625 0.06015625 0.09296875
1 0.42109375 0.334375 0.05625 0.07890625
1 0.396875 0.37265625 0.065625 0.08828125
1 0.3953125 0.45625 0.06484375 0.10625
0 0.3609375 0.5453125 0.090625 0.18671875
1 0.55546875 0.28984375 0.0390625 0.08046875
1 0.5578125 0.33671875 0.03828125 0.07421875
1 0.59296875 0.38515625 0.06328125 0.109375
1 0.6265625 0.4609375 0.0765625 0.1125
1 0.70078125 0.62265625 0.10859375 0.20234375
1 0.69453125 0.28515625 0.03125 0.06484375
1 0.715625 0.309375 0.04609375 0.09375
1 0.77578125 0.36484375 0.06953125 0.121875
1 0.8859375 0.4640625 0.08359375 0.096875
1 0.92890625 0.590625 0.11953125 0.2546875