1 0.084375 0.53828125 0.13515625 0.1421875
1 0.36484375 0.53125 0.0984375 0.15625
1 0.15703125 0.4140625 0.08125 0.14375
1 0.2140625 0.32421875 0.065625 0.1078125
1 0.26640625 0.28125 0.05703125 0.1109375
1 0.396875 0.40625 0.08359375 0.1203125
1 0.3859375 0.32734375 0.06171875 0.0953125
1 0.415625 0.290625 0.05234375 0.08203125
1 0.55703125 0.259375 0.0578125 0.07734375
1 0.70390625 0.26171875 0.04453125 0.08515625
1 0.565625 0.32109375 0.04921875 0.08359375
1 0.721875 0.3109375 0.05390625 0.103125
1 0.5875 0.37421875 0.05234375 0.11875
1 0.79140625 0.365625 0.05234375 0.0984375
1 0.63515625 0.46171875 0.075 0.1234375
1 0.89375 0.465625 0.075 0.09375
1 0.6859375 0.60546875 0.1078125 0.17109375
1 0.928125 0.58046875 0.1109375 0.225