0 0.06328125 0.43671875 0.1265625 0.29296875
1 0.175 0.353125 0.14375 0.28359375
1 0.28046875 0.3203125 0.134375 0.2234375
1 0.37734375 0.26953125 0.12734375 0.21796875
1 0.58046875 0.3203125 0.13359375 0.2328125
1 0.503125 0.35234375 0.13515625 0.2390625
1 0.43046875 0.45703125 0.1546875 0.31171875
0 0.26875 0.52890625 0.171875 0.371875
1 0.75390625 0.68828125 0.3234375 0.2625
1 0.81328125 0.57265625 0.1890625 0.31796875
1 0.8375 0.378125 0.11953125 0.275
1 0.90859375 0.30625 0.06328125 0.2796875