1 0.06171875 0.346875 0.1234375 0.21640625
1 0.1890625 0.234375 0.10625 0.20703125
1 0.2953125 0.18046875 0.08828125 0.1296875
1 0.3984375 0.15390625 0.0765625 0.11875
0 0.5953125 0.16640625 0.0546875 0.15703125
1 0.53359375 0.20546875 0.090625 0.18828125
1 0.45078125 0.27265625 0.11796875 0.140625
1 0.2921875 0.39375 0.1484375 0.24375
1 0.75703125 0.634375 0.240625 0.41015625
1 0.825 0.36875 0.115625 0.19453125
1 0.87265625 0.20546875 0.08125 0.1453125
1 0.92109375 0.1203125 0.03984375 0.1515625