1 0.07265625 0.4046875 0.11875 0.2109375
1 0.21171875 0.3359375 0.10703125 0.1859375
1 0.315625 0.29453125 0.0609375 0.12265625
1 0.4203125 0.27890625 0.0609375 0.12421875
1 0.6109375 0.31953125 0.071875 0.1453125
1 0.54140625 0.3375 0.090625 0.18046875
1 0.48203125 0.4125 0.09921875 0.26796875
1 0.35 0.45078125 0.09609375 0.303125
1 0.77734375 0.740625 0.2546875 0.40234375
1 0.8640625 0.54140625 0.115625 0.24609375
1 0.9125 0.446875 0.08359375 0.17109375
1 0.9578125 0.35625 0.08359375 0.1546875