1 0.0640625 0.38515625 0.10625 0.2703125
1 0.1828125 0.32265625 0.0828125 0.18828125
1 0.2953125 0.2578125 0.08125 0.1515625
1 0.3421875 0.4015625 0.115625 0.30234375
1 0.43046875 0.36328125 0.109375 0.19296875
1 0.41875 0.2390625 0.0609375 0.08671875
1 0.52109375 0.31484375 0.07890625 0.17265625
0 0.59453125 0.27421875 0.0671875 0.146875
1 0.74921875 0.68203125 0.23671875 0.3890625
0 0.81796875 0.428125 0.10703125 0.31328125
1 0.88828125 0.36875 0.0765625 0.2375
0 0.93046875 0.26953125 0.08828125 0.146875