1 0.10234375 0.61640625 0.10703125 0.146875
1 0.1671875 0.47890625 0.07890625 0.128125
1 0.234375 0.39609375 0.0609375 0.08203125
0 0.28125 0.36015625 0.05703125 0.08515625
0 0.42578125 0.3703125 0.0546875 0.06484375
1 0.40859375 0.39609375 0.05234375 0.08203125
0 0.40546875 0.478125 0.0875 0.1078125
0 0.37109375 0.5734375 0.115625 0.17734375
1 0.71875 0.65234375 0.125 0.17109375
1 0.63828125 0.50859375 0.084375 0.103125
1 0.6046875 0.41171875 0.065625 0.1015625
1 0.56953125 0.365625 0.0515625 0.06484375
1 0.571875 0.30546875 0.06015625 0.06484375
1 0.7015625 0.31171875 0.0671875 0.05234375
1 0.7328125 0.34609375 0.0484375 0.06953125
1 0.79609375 0.390625 0.071875 0.1015625
1 0.90703125 0.50625 0.125 0.0984375
1 0.946875 0.60859375 0.10625 0.14921875