0 0.07734375 0.43359375 0.14921875 0.17890625
1 0.21796875 0.34609375 0.096875 0.18984375
1 0.33515625 0.2953125 0.05703125 0.096875
1 0.43671875 0.28984375 0.06015625 0.1171875
0 0.62578125 0.3171875 0.0671875 0.140625
1 0.54765625 0.34375 0.08828125 0.17265625
1 0.4515625 0.425 0.07890625 0.16171875
0 0.35 0.47109375 0.09453125 0.29765625
1 0.7921875 0.77890625 0.2859375 0.31953125
1 0.85625 0.54609375 0.13984375 0.18828125
1 0.9125 0.384375 0.06953125 0.1453125
1 0.94765625 0.28203125 0.06171875 0.1234375