0 0.11640625 0.5609375 0.096875 0.17734375
1 0.16953125 0.4765625 0.09375 0.1296875
1 0.22421875 0.39140625 0.07578125 0.10625
1 0.27734375 0.3640625 0.06015625 0.0953125
1 0.4203125 0.375 0.0484375 0.06484375
1 0.40625 0.4 0.06953125 0.09296875
1 0.4046875 0.4765625 0.0671875 0.1078125
1 0.3734375 0.54453125 0.08125 0.18828125
1 0.565625 0.31875 0.0609375 0.06953125
1 0.5671875 0.37265625 0.0390625 0.06953125
1 0.5984375 0.41171875 0.0453125 0.1078125
1 0.6453125 0.52421875 0.090625 0.09140625
1 0.69609375 0.66328125 0.109375 0.1359375
1 0.69765625 0.32421875 0.03984375 0.08046875
1 0.72421875 0.371875 0.0609375 0.09296875
1 0.78671875 0.41484375 0.06953125 0.1015625
1 0.903125 0.509375 0.115625 0.08671875
1 0.9484375 0.62578125 0.103125 0.209375