0 0.06640625 0.4171875 0.1328125 0.19921875
1 0.1984375 0.32109375 0.1 0.20078125
1 0.3140625 0.2640625 0.06328125 0.08671875
1 0.4265625 0.2671875 0.08125 0.1234375
0 0.62265625 0.30703125 0.07265625 0.1296875
1 0.5359375 0.3265625 0.0875 0.15625
1 0.45859375 0.40625 0.0921875 0.17734375
0 0.34140625 0.453125 0.10703125 0.29140625
1 0.79375 0.78671875 0.228125 0.3671875
1 0.8671875 0.50703125 0.11796875 0.2359375
1 0.91640625 0.37421875 0.0609375 0.134375
1 0.95625 0.31796875 0.0609375 0.1515625