0 0.1265625 0.559375 0.0921875 0.2359375
0 0.365625 0.5890625 0.10234375 0.32890625
1 0.21171875 0.4921875 0.0890625 0.19140625
1 0.4796875 0.52890625 0.09375 0.20234375
1 0.31953125 0.4109375 0.05703125 0.115625
1 0.41875 0.403125 0.05 0.0953125
1 0.55390625 0.44140625 0.078125 0.1484375
1 0.63046875 0.4296875 0.0546875 0.115625
1 0.96171875 0.37109375 0.06484375 0.14375
1 0.92734375 0.46875 0.08046875 0.17421875
1 0.89296875 0.62109375 0.11953125 0.21796875
1 0.853125 0.8359375 0.2546875 0.30390625