1 0.08515625 0.4859375 0.06640625 0.10390625
1 0.140625 0.5359375 0.10078125 0.18046875
1 0.2703125 0.61796875 0.12421875 0.2015625
1 0.29765625 0.48671875 0.05703125 0.1140625
0 0.39609375 0.6390625 0.13359375 0.34453125
1 0.45859375 0.4765625 0.0375 0.0515625
1 0.4890625 0.553125 0.0640625 0.1546875
1 0.53828125 0.48671875 0.04609375 0.12265625
1 0.59140625 0.5671875 0.084375 0.22109375
1 0.67421875 0.52265625 0.0640625 0.0828125
1 0.834375 0.66015625 0.14140625 0.26171875
1 0.95234375 0.60234375 0.09453125 0.2