1 0.10859375 0.53984375 0.1 0.17265625
1 0.1640625 0.421875 0.065625 0.115625
1 0.22734375 0.34140625 0.04375 0.0984375
1 0.28203125 0.30859375 0.0453125 0.09296875
1 0.43046875 0.328125 0.0484375 0.07578125
1 0.41171875 0.35703125 0.05546875 0.09140625
1 0.3984375 0.42734375 0.06796875 0.1328125
1 0.365625 0.5390625 0.0953125 0.15
1 0.56640625 0.2734375 0.040625 0.07421875
1 0.7046875 0.2765625 0.03359375 0.06796875
1 0.5625 0.32734375 0.0609375 0.08671875
1 0.72890625 0.31875 0.0515625 0.096875
1 0.6015625 0.36953125 0.0640625 0.11875
1 0.790625 0.3796875 0.07578125 0.1078125
1 0.64140625 0.4734375 0.07890625 0.1140625
1 0.8953125 0.475 0.09609375 0.1140625
1 0.69453125 0.64296875 0.1140625 0.2203125
1 0.94375 0.61328125 0.1125 0.2265625