1 0.08671875 0.73359375 0.1125 0.18359375
1 0.14296875 0.60703125 0.09296875 0.16171875
1 0.20546875 0.51484375 0.0625 0.125
1 0.25703125 0.47734375 0.053125 0.06953125
1 0.409375 0.465625 0.0484375 0.07265625
1 0.38203125 0.49921875 0.06484375 0.08828125
1 0.38984375 0.57109375 0.08046875 0.1171875
1 0.35 0.66640625 0.09375 0.21015625
1 0.534375 0.39609375 0.0453125 0.08203125
1 0.54375 0.453125 0.053125 0.08203125
1 0.58125 0.490625 0.0578125 0.1140625
1 0.62109375 0.5734375 0.1 0.128125
1 0.6859375 0.7546875 0.1296875 0.21875
0 0.67265625 0.39453125 0.0390625 0.08515625
1 0.70078125 0.4328125 0.0546875 0.09375
1 0.76015625 0.4796875 0.0828125 0.1234375
1 0.87265625 0.56875 0.12734375 0.128125
1 0.9296875 0.7046875 0.140625 0.2546875