0 0.125 0.4359375 0.14609375 0.2609375
1 0.240625 0.33046875 0.10078125 0.21640625
1 0.37421875 0.30703125 0.07109375 0.1328125
0 0.48203125 0.2796875 0.07109375 0.1515625
0 0.65859375 0.33203125 0.10625 0.1484375
1 0.58125 0.378125 0.10078125 0.18828125
1 0.5078125 0.4546875 0.128125 0.2328125
0 0.38125 0.51328125 0.1203125 0.375
1 0.959375 0.303125 0.08046875 0.19296875
1 0.93984375 0.41328125 0.1203125 0.2265625
1 0.909375 0.59765625 0.1640625 0.30390625
1 0.7953125 0.778125 0.278125 0.42265625