1 0.08125 0.57734375 0.1109375 0.21875
1 0.36328125 0.56328125 0.1 0.19765625
1 0.14453125 0.44609375 0.1 0.1421875
1 0.2140625 0.36484375 0.05546875 0.115625
1 0.25859375 0.32734375 0.05625 0.0984375
1 0.4171875 0.33828125 0.05234375 0.08984375
1 0.38984375 0.36484375 0.0640625 0.08515625
1 0.40078125 0.45 0.09375 0.10625
1 0.55625 0.29296875 0.05390625 0.07421875
1 0.69765625 0.28984375 0.0359375 0.08984375
1 0.559375 0.340625 0.0453125 0.08203125
1 0.71640625 0.33828125 0.05546875 0.0984375
1 0.58515625 0.396875 0.05 0.1234375
1 0.78359375 0.38203125 0.0546875 0.1
1 0.63203125 0.47890625 0.07265625 0.140625
1 0.89140625 0.46875 0.078125 0.11875
1 0.69296875 0.625 0.11796875 0.17265625
1 0.9359375 0.590625 0.10703125 0.21796875