1 0.10390625 0.57109375 0.1578125 0.1234375
1 0.15703125 0.4390625 0.09375 0.10625
1 0.21796875 0.34609375 0.05234375 0.096875
1 0.2640625 0.31171875 0.05703125 0.08046875
1 0.4265625 0.32890625 0.0484375 0.05859375
1 0.39921875 0.346875 0.06015625 0.08671875
0 0.38671875 0.425 0.103125 0.1125
1 0.37265625 0.53828125 0.0875 0.16640625
1 0.56015625 0.2609375 0.05390625 0.08671875
1 0.56484375 0.31171875 0.04609375 0.05859375
1 0.60078125 0.3546875 0.0453125 0.1140625
1 0.634375 0.4546875 0.08828125 0.096875
1 0.6984375 0.60390625 0.14296875 0.146875
1 0.690625 0.28671875 0.0546875 0.06484375
1 0.7296875 0.30078125 0.0484375 0.1015625
1 0.7953125 0.35 0.0703125 0.1015625
1 0.8890625 0.45625 0.1 0.096875
1 0.93359375 0.56328125 0.1328125 0.20390625