1 0.0375 0.51171875 0.0703125 0.20546875
1 0.1625 0.4140625 0.10625 0.20546875
1 0.28671875 0.37578125 0.06953125 0.096875
1 0.41875 0.3734375 0.07890625 0.1140625
1 0.5734375 0.41328125 0.07265625 0.1296875
1 0.49921875 0.43046875 0.07578125 0.16015625
1 0.4390625 0.50546875 0.10703125 0.20546875
0 0.32421875 0.55390625 0.115625 0.30234375
1 0.734375 0.828125 0.290625 0.34375
1 0.82578125 0.6296875 0.1765625 0.259375
1 0.86953125 0.51171875 0.08125 0.2484375
1 0.8953125 0.40625 0.07890625 0.17890625