1 0.10390625 0.52890625 0.115625 0.16796875
1 0.16484375 0.421875 0.07890625 0.096875
1 0.22890625 0.34921875 0.0546875 0.103125
1 0.27421875 0.3171875 0.0484375 0.06953125
1 0.4234375 0.3234375 0.0546875 0.06953125
1 0.39609375 0.3421875 0.0609375 0.08515625
1 0.39921875 0.43046875 0.07890625 0.1359375
1 0.37734375 0.528125 0.07890625 0.1453125
1 0.5671875 0.271875 0.0390625 0.06484375
1 0.56484375 0.3234375 0.0515625 0.06953125
1 0.60546875 0.371875 0.0421875 0.1140625
1 0.63984375 0.46640625 0.1 0.1171875
1 0.6875 0.603125 0.1390625 0.16640625
1 0.70390625 0.28203125 0.0453125 0.08671875
1 0.72734375 0.315625 0.04765625 0.07578125
1 0.7921875 0.36875 0.06953125 0.0953125
1 0.8921875 0.4765625 0.10078125 0.08671875
1 0.9375 0.58203125 0.12421875 0.19921875