0 0.11796875 0.59296875 0.08828125 0.246875
0 0.3640625 0.62578125 0.10859375 0.32890625
1 0.20234375 0.528125 0.0875 0.17890625
1 0.48203125 0.5796875 0.1046875 0.20859375
1 0.3328125 0.4484375 0.059375 0.1125
1 0.41640625 0.44765625 0.06171875 0.0984375
1 0.55 0.49375 0.0640625 0.17265625
1 0.63046875 0.48671875 0.07265625 0.125
1 0.95859375 0.41171875 0.0640625 0.1453125
1 0.92421875 0.5296875 0.0859375 0.18203125
1 0.9015625 0.68671875 0.1546875 0.23125
1 0.853125 0.8640625 0.23359375 0.271875