0 0.128125 0.5734375 0.090625 0.2421875
0 0.36484375 0.61640625 0.11796875 0.33515625
1 0.21640625 0.51015625 0.0859375 0.18359375
1 0.48671875 0.55 0.096875 0.21484375
1 0.3328125 0.4265625 0.05703125 0.128125
1 0.42421875 0.42734375 0.059375 0.1140625
1 0.5578125 0.46953125 0.0703125 0.17109375
1 0.6359375 0.44609375 0.06015625 0.1328125
1 0.959375 0.39609375 0.04921875 0.15625
1 0.92578125 0.496875 0.0828125 0.1484375
1 0.91015625 0.6546875 0.1359375 0.21328125
1 0.85078125 0.84765625 0.26484375 0.28828125