0 0.04296875 0.44765625 0.0859375 0.29609375
1 0.1453125 0.353125 0.10078125 0.18203125
1 0.253125 0.29609375 0.09140625 0.1234375
0 0.365625 0.27734375 0.078125 0.140625
1 0.56015625 0.3234375 0.0796875 0.125
1 0.48515625 0.34375 0.10625 0.16171875
1 0.40703125 0.434375 0.0875 0.16171875
0 0.27421875 0.47421875 0.13984375 0.30703125
1 0.72109375 0.75546875 0.2796875 0.41484375
1 0.80390625 0.54765625 0.1796875 0.2375
1 0.8390625 0.40546875 0.109375 0.2203125
1 0.8859375 0.3125 0.06953125 0.17734375