0 0.09765625 0.55234375 0.09140625 0.20078125
1 0.15703125 0.43984375 0.07265625 0.15703125
1 0.21953125 0.35859375 0.053125 0.1125
1 0.26484375 0.32421875 0.034375 0.07734375
1 0.42109375 0.33046875 0.04375 0.08359375
1 0.390625 0.359375 0.05390625 0.08671875
1 0.39140625 0.44453125 0.06484375 0.0984375
1 0.3640625 0.5390625 0.06015625 0.140625
0 0.553125 0.265625 0.04453125 0.07421875
1 0.69921875 0.265625 0.04453125 0.08046875
1 0.5578125 0.33046875 0.05234375 0.08671875
1 0.71953125 0.30703125 0.059375 0.08671875
1 0.584375 0.36953125 0.05703125 0.11875
1 0.7828125 0.36875 0.0671875 0.1140625
1 0.63359375 0.453125 0.0828125 0.1375
1 0.896875 0.4609375 0.090625 0.125
1 0.68671875 0.62265625 0.14375 0.19296875
1 0.93046875 0.60625 0.1328125 0.20390625