1 0.06796875 0.628125 0.1359375 0.15703125
1 0.1375 0.48984375 0.09140625 0.140625
1 0.20546875 0.41875 0.06484375 0.103125
1 0.25546875 0.375 0.04453125 0.08984375
1 0.41015625 0.3703125 0.0421875 0.06171875
1 0.38203125 0.4046875 0.0609375 0.07734375
0 0.384375 0.4859375 0.0734375 0.0984375
1 0.353125 0.5953125 0.0921875 0.1359375
1 0.54375 0.32734375 0.05625 0.06171875
0 0.67421875 0.31796875 0.04765625 0.07734375
1 0.5515625 0.371875 0.05703125 0.07109375
1 0.7046875 0.3640625 0.05390625 0.07421875
1 0.5828125 0.415625 0.0484375 0.10625
1 0.61171875 0.5015625 0.071875 0.1203125
1 0.67109375 0.67109375 0.1234375 0.18203125
1 0.76328125 0.4140625 0.0828125 0.103125
1 0.865625 0.50390625 0.0984375 0.09375
1 0.91640625 0.63671875 0.12265625 0.2390625