1 0.084375 0.53828125 0.14609375 0.1359375
1 0.1484375 0.4046875 0.096875 0.1453125
1 0.209375 0.31484375 0.05390625 0.1296875
1 0.26484375 0.31484375 0.0515625 0.04296875
1 0.415625 0.309375 0.03671875 0.06328125
1 0.37734375 0.31796875 0.05703125 0.1015625
1 0.39921875 0.40859375 0.0703125 0.08046875
1 0.3703125 0.509375 0.09609375 0.1515625
1 0.55703125 0.25234375 0.04609375 0.06953125
1 0.5671875 0.30859375 0.03046875 0.06484375
1 0.5921875 0.3421875 0.04140625 0.08515625
1 0.6390625 0.4578125 0.0875 0.1125
1 0.6828125 0.603125 0.11484375 0.1359375
1 0.696875 0.25859375 0.0453125 0.09140625
1 0.72265625 0.2953125 0.04765625 0.06953125
1 0.78671875 0.36015625 0.0609375 0.09140625
1 0.88828125 0.46015625 0.1125 0.08671875
1 0.92109375 0.5796875 0.11875 0.140625