0 0.11484375 0.51171875 0.103125 0.2390625
1 0.196875 0.43359375 0.109375 0.18828125
1 0.30234375 0.3734375 0.08125 0.1234375
1 0.43671875 0.3578125 0.071875 0.1015625
1 0.60234375 0.40078125 0.0765625 0.134375
1 0.5296875 0.4203125 0.0875 0.18359375
1 0.45546875 0.4984375 0.109375 0.21015625
0 0.3296875 0.5546875 0.12421875 0.2703125
1 0.76484375 0.81640625 0.29765625 0.33984375
1 0.8453125 0.621875 0.1734375 0.23125
1 0.89609375 0.46328125 0.096875 0.2375
1 0.93125 0.3953125 0.04609375 0.16640625