0 0.05703125 0.39609375 0.1140625 0.2703125
1 0.16953125 0.3203125 0.121875 0.2703125
1 0.27421875 0.265625 0.06328125 0.1078125
1 0.37734375 0.22265625 0.0640625 0.11875
1 0.5796875 0.24453125 0.0671875 0.140625
1 0.49921875 0.28046875 0.06953125 0.16796875
1 0.43359375 0.36640625 0.09609375 0.2203125
1 0.32109375 0.39375 0.10234375 0.21015625
1 0.78125 0.6828125 0.246875 0.42109375
1 0.82109375 0.44140625 0.0765625 0.17890625
1 0.85859375 0.284375 0.0546875 0.17734375
1 0.89375 0.165625 0.05703125 0.134375