0 0.1265625 0.49921875 0.0765625 0.2390625
0 0.32890625 0.553125 0.11484375 0.33515625
1 0.19765625 0.41484375 0.07265625 0.16640625
1 0.32890625 0.3375 0.08515625 0.096875
1 0.4140625 0.34453125 0.0484375 0.08203125
1 0.4640625 0.45625 0.08125 0.16171875
1 0.54921875 0.38515625 0.0578125 0.140625
1 0.61484375 0.36640625 0.0484375 0.125
1 0.853125 0.81171875 0.2578125 0.3453125
1 0.890625 0.5640625 0.14609375 0.19296875
1 0.91796875 0.40234375 0.0671875 0.140625
1 0.953125 0.290625 0.05234375 0.09140625