1 0.0859375 0.49296875 0.08828125 0.20546875
1 0.20625 0.4171875 0.07890625 0.16171875
1 0.32265625 0.35234375 0.06328125 0.09140625
1 0.43046875 0.33984375 0.0671875 0.08671875
0 0.61640625 0.38828125 0.07265625 0.15
1 0.54140625 0.42265625 0.08828125 0.16640625
1 0.4546875 0.4859375 0.109375 0.21640625
1 0.3421875 0.54375 0.103125 0.29140625
1 0.76015625 0.809375 0.228125 0.33515625
1 0.8640625 0.6171875 0.1859375 0.253125
1 0.9046875 0.484375 0.08515625 0.2375
1 0.93359375 0.371875 0.07578125 0.19453125