0 0.09453125 0.43359375 0.09375 0.21015625
1 0.20703125 0.3546875 0.0875 0.19453125
1 0.3234375 0.28984375 0.07265625 0.08671875
1 0.43203125 0.29296875 0.06328125 0.1015625
0 0.61875 0.33671875 0.078125 0.1234375
1 0.53828125 0.3484375 0.0765625 0.1515625
1 0.4453125 0.42734375 0.08515625 0.1453125
0 0.346875 0.48984375 0.09375 0.30078125
1 0.77578125 0.8125 0.25234375 0.375
1 0.85703125 0.52734375 0.12421875 0.18359375
1 0.8984375 0.38203125 0.0609375 0.13125
0 0.9578125 0.3140625 0.0765625 0.17734375