1 0.0734375 0.35234375 0.1453125 0.2265625
1 0.2140625 0.265625 0.1125 0.19453125
1 0.30625 0.209375 0.06328125 0.134375
1 0.42109375 0.190625 0.0765625 0.10625
1 0.6265625 0.234375 0.07890625 0.1296875
1 0.54765625 0.25 0.09609375 0.17265625
1 0.4734375 0.3234375 0.11796875 0.17734375
1 0.35703125 0.40390625 0.12421875 0.28515625
1 0.79375 0.67421875 0.24296875 0.3828125
1 0.884375 0.47890625 0.18203125 0.2640625
1 0.8875 0.2921875 0.115625 0.18359375
1 0.91953125 0.20390625 0.0515625 0.08046875
1 0.94453125 0.209375 0.07890625 0.19921875