0 0.04140625 0.365625 0.0828125 0.275
1 0.26015625 0.42890625 0.14296875 0.3671875
1 0.1203125 0.28203125 0.09921875 0.228125
1 0.2265625 0.23359375 0.05390625 0.13125
1 0.4046875 0.36640625 0.11484375 0.2234375
1 0.35390625 0.215625 0.0703125 0.146875
1 0.465625 0.26640625 0.0609375 0.17109375
1 0.54453125 0.240625 0.053125 0.1515625
1 0.8703125 0.178125 0.075 0.140625
1 0.81796875 0.2859375 0.07734375 0.19921875
1 0.78671875 0.42578125 0.1125 0.20390625
1 0.753125 0.62109375 0.1734375 0.29453125