1 0.09296875 0.665625 0.1046875 0.16796875
1 0.15546875 0.5296875 0.08671875 0.1421875
1 0.21484375 0.45234375 0.06015625 0.1140625
1 0.271875 0.4125 0.05 0.09140625
1 0.41484375 0.40859375 0.0625 0.07421875
1 0.39375 0.4390625 0.06484375 0.07890625
1 0.4 0.5203125 0.075 0.1234375
0 0.36015625 0.61875 0.09453125 0.16328125
1 0.5546875 0.34765625 0.04140625 0.06328125
1 0.5625 0.40390625 0.0484375 0.07890625
1 0.590625 0.4515625 0.0578125 0.1
1 0.63671875 0.54296875 0.0984375 0.1328125
1 0.69296875 0.7125 0.13828125 0.21171875
0 0.68515625 0.340625 0.02890625 0.05703125
1 0.7125 0.3828125 0.06015625 0.08359375
1 0.778125 0.4359375 0.08046875 0.1125
1 0.88359375 0.51953125 0.0921875 0.1
1 0.9125 0.6296875 0.13515625 0.246875