0 0.09296875 0.56875 0.11171875 0.20234375
0 0.34296875 0.5484375 0.096875 0.19921875
0 0.15 0.44375 0.08125 0.134375
1 0.21171875 0.36953125 0.05390625 0.1125
0 0.275 0.33515625 0.04765625 0.08671875
0 0.41953125 0.34140625 0.04453125 0.07734375
1 0.39765625 0.3671875 0.05 0.08984375
1 0.4 0.44609375 0.06484375 0.1046875
1 0.55859375 0.28359375 0.0375 0.07734375
1 0.5609375 0.33046875 0.0296875 0.07421875
1 0.5921875 0.3828125 0.0484375 0.1046875
1 0.69609375 0.3 0.04453125 0.08828125
1 0.721875 0.32265625 0.04140625 0.09296875
1 0.78359375 0.37578125 0.0484375 0.115625
1 0.6375 0.478125 0.0921875 0.1390625
1 0.896875 0.46953125 0.07890625 0.11875
1 0.70859375 0.653125 0.115625 0.21328125
1 0.93984375 0.5890625 0.10234375 0.2671875