1 0.0953125 0.659375 0.121875 0.2296875
1 0.14609375 0.5171875 0.1015625 0.18203125
1 0.2015625 0.43125 0.078125 0.14375
1 0.265625 0.39296875 0.06953125 0.11875
1 0.409375 0.39296875 0.06328125 0.096875
1 0.38828125 0.4203125 0.07265625 0.10625
1 0.39140625 0.51015625 0.08671875 0.13125
1 0.3578125 0.59921875 0.0984375 0.2328125
1 0.5515625 0.34140625 0.06328125 0.09296875
1 0.55390625 0.3953125 0.06484375 0.0984375
1 0.58984375 0.440625 0.071875 0.14375
1 0.62421875 0.5203125 0.1015625 0.1546875
1 0.6828125 0.69140625 0.153125 0.253125
0 0.68125 0.34609375 0.0515625 0.103125
1 0.71015625 0.37265625 0.0609375 0.103125
1 0.77265625 0.42421875 0.08671875 0.1265625
1 0.878125 0.525 0.1125 0.1546875
1 0.91484375 0.67421875 0.1625 0.259375