0 0.06015625 0.5078125 0.11796875 0.23125
1 0.19765625 0.4234375 0.109375 0.17109375
1 0.3046875 0.3640625 0.08515625 0.1171875
1 0.409375 0.35859375 0.07578125 0.11875
1 0.60234375 0.39140625 0.0609375 0.11875
1 0.53359375 0.4234375 0.09375 0.19296875
1 0.459375 0.5125 0.115625 0.23125
0 0.334375 0.55546875 0.09140625 0.28671875
1 0.759375 0.81796875 0.2578125 0.31171875
1 0.82421875 0.62890625 0.15859375 0.29140625
1 0.87578125 0.453125 0.096875 0.15625
1 0.93046875 0.39453125 0.0609375 0.15625