1 0.06875 0.56640625 0.121875 0.20078125
1 0.15 0.43359375 0.0875 0.1078125
1 0.2015625 0.3625 0.05703125 0.1078125
1 0.259375 0.33046875 0.0390625 0.08671875
1 0.41640625 0.33359375 0.03984375 0.05859375
1 0.37578125 0.34921875 0.03671875 0.05390625
1 0.39375 0.44140625 0.09140625 0.1296875
1 0.36640625 0.52265625 0.07890625 0.16171875
1 0.55546875 0.284375 0.03671875 0.04453125
1 0.559375 0.328125 0.04609375 0.06640625
1 0.58125 0.37890625 0.0390625 0.06953125
1 0.6265625 0.4703125 0.0578125 0.1359375
1 0.6921875 0.63046875 0.14609375 0.17109375
1 0.6859375 0.28203125 0.0296875 0.05859375
1 0.71640625 0.33828125 0.0484375 0.06484375
1 0.778125 0.37109375 0.06328125 0.10625
1 0.88046875 0.4875 0.096875 0.1015625
1 0.94296875 0.59453125 0.10625 0.15625