0 0.06796875 0.484375 0.10625 0.265625
1 0.17265625 0.4140625 0.10859375 0.19921875
0 0.30703125 0.54140625 0.1125 0.32421875
1 0.27265625 0.34453125 0.065625 0.1125
1 0.39140625 0.34765625 0.0609375 0.11875
1 0.44453125 0.49609375 0.10078125 0.19921875
1 0.51875 0.4046875 0.09140625 0.16640625
1 0.5828125 0.37734375 0.07265625 0.134375
1 0.75 0.809375 0.2671875 0.371875
1 0.82109375 0.59765625 0.1484375 0.2640625
1 0.86796875 0.46875 0.08515625 0.23125
1 0.909375 0.36796875 0.06328125 0.18359375