1 0.078125 0.32890625 0.109375 0.18203125
1 0.22578125 0.39609375 0.13046875 0.19921875
1 0.253125 0.275 0.0640625 0.1390625
1 0.33515625 0.30703125 0.06953125 0.1078125
1 0.38828125 0.41171875 0.10859375 0.275
1 0.434375 0.25859375 0.03671875 0.07578125
1 0.4671875 0.32890625 0.04921875 0.1421875
1 0.5265625 0.28515625 0.0515625 0.0953125
1 0.5984375 0.36640625 0.090625 0.20546875
1 0.6546875 0.278125 0.0453125 0.07109375
1 0.809375 0.396875 0.11875 0.18828125
1 0.934375 0.38046875 0.13125 0.134375