1 0.09296875 0.58984375 0.1359375 0.17265625
1 0.15703125 0.46875 0.08828125 0.125
1 0.20859375 0.38203125 0.04609375 0.103125
1 0.259375 0.3421875 0.0546875 0.07578125
1 0.4140625 0.346875 0.0609375 0.07421875
1 0.39140625 0.3796875 0.06953125 0.0953125
1 0.38515625 0.4421875 0.06328125 0.1125
1 0.36875 0.54140625 0.09140625 0.1390625
0 0.54921875 0.284375 0.0515625 0.06953125
1 0.55859375 0.3375 0.04609375 0.07578125
1 0.590625 0.3828125 0.0546875 0.09296875
1 0.62578125 0.4765625 0.11171875 0.1203125
1 0.69765625 0.61953125 0.1375 0.16796875
0 0.6859375 0.28203125 0.0453125 0.06484375
1 0.70859375 0.3171875 0.0609375 0.09140625
1 0.7765625 0.37421875 0.06953125 0.096875
1 0.88046875 0.47421875 0.1 0.09140625
1 0.92890625 0.5609375 0.12421875 0.17734375