1 0.04609375 0.44765625 0.0921875 0.265625
1 0.1421875 0.36875 0.09453125 0.17265625
1 0.2546875 0.3203125 0.0640625 0.096875
0 0.36484375 0.31015625 0.07890625 0.1171875
1 0.56015625 0.34765625 0.07265625 0.11875
1 0.48203125 0.3640625 0.1 0.18203125
1 0.39609375 0.45390625 0.096875 0.18828125
0 0.27578125 0.490625 0.13125 0.28671875
1 0.71640625 0.78984375 0.27578125 0.41953125
1 0.80390625 0.56953125 0.1609375 0.2375
1 0.83671875 0.4234375 0.103125 0.2390625
1 0.88515625 0.32109375 0.0546875 0.18203125